Total of Wavelet Coefficients: 16256
641
646
630
633
620
615
619
623
649
668
688
683
655
587
469
380
382
411
422
427
431
426
433
434
420
447
469
475
490
505
512
523
514
536
518
514
522
514
535
525
533
532
532
536
524
535
528
535
540
539
536
541
525
516
522
526
528
528
523
534
538
524
526
545
515
525
523
518
523
510
517
517
513
510
510
489
480
453
424
450
526
579
616
636
631
597
607
613
618
631
613
609
610
609
611
621
622
633
619
642
802
847
870
848
636
416
430
467
479
482
482
496
479
488
486
492
497
495
483
501
504
501
492
468
476
633
622
635.5
640
617.75
622.5
612
613.25
614.75
617.75
644
670.75
687.75
683.5
648.25
569.5
463.5
374.25
372
397.5
424
417.75
419.25
413.75
422.75
423.75
421.25
442.5
467.75
481
495.25
496.5
502.75
519.25
517.25
524.25
518.25
519.75
521.75
514.25
528.5
528.25
535.75
531.25
534.5
530.75
524.25
524.5
524.25
532.25
529.75
532.75
528.25
535
524.25
517.25
519.5
522.75
524.75
517.5
522
529.75
528.25
520.5
525.75
534.75
517.75
517
518.5
512.75
515.75
504.25
517
515.25
511.75
512.5
503.25
487
479.5
453
424
437.5
512.75
572.5
608
633
629
605.25
607.25
607
612
622.5
612.5
610
610.5
610
612
614
618.75
627.75
617.25
620.75
773
843.25
867
859.5
705
432.5
424.5
461.25
473.25
479
483
491.25
482.5
484.75
491.25
496.25
494
491.75
487.25
493
503.25
503.5
496.25
478
495.5
511.75
392.75
620.25
631.75
623.25
622
619
610
614.5
618.5
653
677.5
682.5
675.75
636
554.75
463
366.75
363.25
395.75
404
414.5
416.25
417.75
413.75
414.25
424
440.75
458.5
479.5
491
495.5
504.75
508.5
512.5
519
517
521
518.75
515.25
523.25
521
531.75
531.5
529.75
528.75
524.5
527.5
527.25
526
523.5
524.5
517.75
522
522
513
511
519.75
524.25
513.25
517.5
522
525.25
516
518
521.5
521
518.5
512.75
508.5
511.5
502.5
506.75
511
511.25
508.75
503.75
494.75
473.5
451.75
435.25
418.25
464
542
589.5
621
636.25
617.25
613.5
622.5
622.75
624.25
623.25
620.25
614.25
616.25
611.5
617.5
609.75
615.25
609
605
666.25
812
856.5
868
823.5
574
418.75
440
463.5
478
479.25
483.25
481.5
480
484
489.25
488.5
490.75
493.25
495.5
503.5
502.25
516.5
509.25
408
226.25
187.5
623
628
628
623.25
620.25
611.5
618.5
644
666.5
676.5
670.25
660.5
626
548
456.5
369.5
366.5
391.5
410
423.25
425.75
419.5
410.5
408.5
415.25
445
460.5
472
488
495
502.75
503.5
511.25
516.75
523
523.5
518
514
523.75
510
524.25
530.5
532.25
523.75
525.75
526.5
524.75
522.75
526.25
527.5
523.25
526.75
523.5
515.25
519.5
521.25
520.75
515.25
522
534
532.5
520.25
524.25
519.5
518
527
515.5
513.75
509.75
507.25
513.5
486
512
513
511
496.5
484
453.25
450.25
428.5
428
512.5
575.75
609.5
636
633.75
633
631.25
639.75
647.25
634.25
624.5
619.25
618
615.25
614.75
607.25
608.75
609.5
607.25
602.5
742
840
868.75
869.75
755.25
468.25
430
445
467.5
473.5
479.25
486.25
482.25
482.5
485.75
487.75
491
492.5
502
503.75
513.5
522.5
399.5
232.75
181.5
195.75
621.25
625.5
627
626.25
621.75
611.25
634
656.5
664.5
665.75
658.25
654.25
615
554.75
463.25
366
363.5
391.25
402.75
421
426.25
412.25
417.25
410.25
412.75
445
460.25
476.75
486
493.5
501.25
511.25
515.25
515.5
523.25
521.5
525.25
522
519
525
526
529.25
531.5
535.5
525.25
523.75
526.5
520.5
532.5
526
530
526.25
526.5
528.5
517
519.75
526.5
513.75
521
536
542
526.25
524.75
524
523.5
524.75
508
517.25
516
502.5
508.75
516.75
516.75
513
513.75
501
485.5
461.25
457.75
435.25
414
474.5
556.75
597.75
626.25
645.5
644
637.75
647.75
648.75
644.25
629.75
634.5
623
615.5
613.75
612.25
605.75
606.25
603.25
594.25
635.5
802.5
860.5
873
849
639.25
417
432.25
459.75
468.25
481.25
486.5
494.75
487
491.75
496.75
496.25
506.75
518
527.25
525
374.5
199.25
180.5
190.75
185
619.75
627.25
629.75
630.5
622
615.25
640
664.75
658.25
658.25
648.25
642.75
616.25
559
477.25
372
366.5
392.5
410.5
427.25
415.25
411.5
406.5
413.25
414.75
444.5
453.5
471.75
479.5
490.5
496.75
506.25
513.25
518.5
515.75
521.5
517.25
516.75
519.5
519.25
524
521.75
525.5
521.25
521.75
514.75
522.5
524
522.75
519.75
521.25
517
516.25
514.25
519.75
520.5
516.75
509.75
514.5
526.75
535.5
531.5
520.25
520.75
518.5
523.5
511.5
516
505.25
500.5
504.5
506.25
509.75
507.75
510
496.5
488.25
483.5
452
435.5
419.75
445.5
533
594.25
621
643
650.5
640.75
641.25
649
641
637.75
622.5
623.75
618.5
615
607
608
606.75
599.5
600.25
582.75
710.75
834.75
867.5
875.75
795.5
503.75
429.75
446.5
469
469.75
483
487
484
483.25
507.5
510.25
520.25
534.25
534.5
370.25
210.5
194
199
187.75
201
622.5
635.25
629.75
632
626.5
631
657.5
664.75
663.25
646.5
636
640.5
622.5
559
452.5
361.25
349
385.25
408.25
418
418
418.75
408.25
408.5
423.75
437.75
452
481
482
486.75
503
512
501.75
515.5
517
509.5
517.25
511.25
517.75
517.25
515.5
515.5
525.5
520.75
512.75
516.75
528.75
537
522.25
511.75
504.75
501.5
500.5
503.75
507.5
505
504.25
506.75
505.25
510.25
516.25
524.5
522.25
524
524.5
511
504.5
508.5
503.75
503.5
504
508.25
504.5
509
508.5
496.5
488.5
488.25
447
434
422.25
461.5
520.5
580
623
640.5
646.25
649.5
634.75
638
633.25
635.25
624.75
620.25
620.75
617.25
609.5
612.5
605.25
604.25
599
584.25
610.75
789.75
857.5
879
865.25
697.25
428.5
437.25
463.5
488.5
486.25
493.25
482.25
482
493.75
500
528
531.75
368
230.5
178
173.25
181.25
192.5
210.25
629.75
634.5
634.25
636.25
639
652.75
669.75
669
655.5
636.75
630
645
630.75
555
455.5
363.25
354
393.75
407.5
421.25
419.25
415.5
411.25
412
423.25
432
455.5
475
486.75
490.5
498
504
505
510.25
508
506.75
513.75
515
513.25
520.25
519.5
519.5
519.5
518.25
512.25
509
524.25
531.75
527.75
508.5
497.25
485
491
494
509.25
500.75
499
498.25
502.5
514.25
514.5
512.5
521
522.75
522.75
509.75
507.75
509.5
509.5
504
502.25
500
504.25
510
510.75
504.75
481.75
472.25
464.25
444
430.75
467
524.5
572.75
614.25
627.75
643.75
640
632.75
636.25
633.25
631.25
630
618.25
623
621.5
619.75
623.25
614.5
608
600.5
584.75
578.5
688
833
870
882.5
834.25
554.25
425
453.75
468.25
482.75
486.75
483
488.5
499.25
514.25
519.75
357
183.5
181.25
185
187
195.75
199.5
218
627.25
637.5
639.25
644.25
651
668.75
672.25
666.25
652.75
637.5
630.5
644.25
626.25
557.75
453.75
362.5
366.5
391.25
405.5
417.75
423
413
407.25
404.25
414.75
440.25
454
467.75
484
486.25
494.5
500.75
509
510
512.5
506.75
507.25
505.5
519.5
519.5
512.75
522.75
517.5
515
521.25
511.25
516.25
527.25
516.5
509.75
493.75
492.5
482.5
483
497.5
502.75
494.25
495
493.75
501.5
513
515.75
512.75
527
518.75
511
509.25
513.25
504
504.25
502.5
503.25
498.5
508
507
502.75
488.75
473
452.5
444.5
429
461.75
511.25
557.25
598
615.75
632.5
638
629.75
631.75
634.25
629.75
622.5
626.5
623.25
624.75
619.75
624.75
620
613.75
608
596.75
575.5
581
759.25
852
880.25
884.75
779.25
470.25
431.75
456.5
466.75
488.25
486.25
500
511.5
517.5
372
193.25
173
207
198.5
205.25
205.25
199.75
213.25
635.75
647.5
643.75
657
669.25
663.25
660.5
655.25
641.25
629.5
637.25
641
622.5
551.5
453
346.75
347.75
389.25
404
414.5
405
405.25
408.25
412.75
412
438.5
453.25
466.5
479.75
473.25
492.5
493.75
504.25
501.5
511
500.75
497
500.25
510.25
509.75
512.5
506.75
510.75
518
523.75
513.5
508.75
514
509.75
504.5
498
496.25
488
486.75
496.75
491.5
478.75
481
486
495.25
509.25
507
516.75
523.75
517.5
507
506.25
514.5
507
505.25
497.25
500.25
503.25
505.5
503.5
499.25
488.25
468.75
473.25
452.25
428.25
454.25
509.5
554.25
587.75
603.75
617.5
628
629.75
626.25
626.5
625
620.5
624
615.5
626
622.75
623
614
613.5
597.25
592
583.75
566
649
829.25
876.25
888.25
861.75
637.25
402.5
440
454.75
479
491.75
511
515.25
349.75
186.75
172.75
185
223.25
226.25
213.25
204
194.75
190.5
643
644.5
650.75
669.25
662
644
639.75
636.75
640.25
637.75
639.5
642.5
620.75
548.75
442.75
345.5
351.5
384.25
412.5
408
412
409
407.75
403
413.75
434.25
452.25
475.75
478.25
481.25
486.75
493
492.25
502
500.5
497.5
500.75
504
511
509.75
508.75
513
510
511.25
514
512.75
510.75
513.5
509.5
507
513
500.5
496
488.5
476
478
476.5
476
472.5
479.75
500.25
502.75
515.5
516
505.25
509.75
503.75
505.75
516
497.5
512
505
501.25
503.25
508.25
491.25
484.5
466
461.25
454
439
457.75
500
549.5
577.5
591
609
617
624.75
624.75
621.75
618.25
617.5
612
612.5
616.25
621.75
619.75
610.5
597.25
590.75
583.5
574.25
564
571.75
758.25
860.5
885
888.5
799.75
487.5
420.75
437.25
454.25
482.75
509.75
372
190.25
172
181.5
202
226.25
209.5
205.25
191.5
181.5
180
641.75
642
661.25
668.25
633.25
613.25
610
618
644.5
647.25
637.75
646.5
623.75
558
447.75
348.5
352.25
385
404
413.5
420.75
408.25
411.25
408.5
416.75
440.75
458.5
474.5
481.25
486.75
491.25
496.5
500
502.75
498.25
500.25
512
505.5
515.5
512
499
524.25
515.75
524
512.25
504.5
506
525.5
506.25
500.5
512.25
535.75
526.75
545.25
621
639.5
626.25
621
585
525
481.75
471
485
491.75
495.5
505.25
505.75
510.5
518.25
508.25
504.5
504.25
504.75
505.5
504
495.25
487.5
463.5
457.25
452
430
451.25
492.5
545.25
571.5
576.75
594
602
617.75
623.75
616.75
611.25
610.25
612.75
617.25
616
610.5
609.5
594.75
588.75
576.5
574.5
573.75
568.25
565.5
638.75
819.25
874.25
889.75
867.75
679.75
427.25
435.25
464.25
486
358.25
194.75
181
178.5
194.25
217.5
234.25
218.75
204.25
188.75
179.75
186
639
646.75
678
659.5
609
579.5
579.25
605
650.25
646.25
641.5
651.25
624.75
559.5
457.5
352.75
349.5
379.75
396.5
413.25
416.5
403.5
415
409.75
423
450.25
450.75
473.75
482.5
482.5
496.5
500.5
500.75
505
503.5
510.25
512.75
513.5
511.5
510.75
508.25
510.25
516
521
511.25
507.25
499.75
532
569
579.75
595.75
587
637
652.5
678.5
709.5
706.5
724.25
718.75
724.5
722.5
626.75
531.75
474.25
475.5
489.5
492
512.5
517.25
513.75
507
506.5
503.5
507
499.5
493.75
479.25
471
451.5
448.5
430.25
443.5
493
543.5
573.75
570.75
580.25
594
604.25
617.25
616.75
607
612.5
606.75
612.5
614.25
601.5
598.25
589
576.5
572
566.5
565
564.5
560
578
725
849.25
881.75
892.75
833.75
548
444.75
479.25
354.5
181
171.25
173
184.25
214.25
217
225.5
218.5
180.5
173.5
181.75
187.5
645.25
665
670.75
633.25
576.75
534
552.25
607.5
651
651.75
646.5
655.25
628
559
450.5
340
344
372.25
396.25
413.5
407
409.5
408.75
416.75
424.25
447
465
479.5
486.5
481.25
497
504.75
500.75
497.75
509.5
515.25
508.75
507.25
513.5
510
504.25
510
508.5
507
507.5
508
567.5
570.5
603.5
566.75
577.75
603.25
659.25
654.5
683
710.25
715.25
699.5
684.75
718.25
724.25
748.75
761.5
711
564.75
463
477.75
489
502
501.25
509.5
501
500.5
494.5
494.75
481.25
477.75
459.25
453.75
448.5
423.25
442.75
498.25
549.75
577.5
573.25
575.5
587.75
597
612.5
611
608.75
599.75
602.25
596.25
596
591.75
583.75
573.75
575
560.75
556.75
560.25
564.75
562.75
564.25
592.75
796
870.25
894
897
770.5
496.25
382
191.5
166.25
184
189.5
199
218.75
203.25
203.25
188.75
199.25
192.75
182.25
179.75
656.25
683.5
651
598
524.5
484.25
550.75
619
655.25
659.25
654.5
657.25
629
564.5
445.25
329.25
328
373.25
387.25
392.25
402
399.5
401.25
414.25
421.5
440.75
458
471.5
479
483.25
490.75
494
491
497.5
502.25
505.5
505.5
507.5
507
496.5
501.75
543.75
562.25
547
495.5
524.25
563.25
567
566.75
583.25
600.5
588.25
615.25
630.25
660.75
667.5
701.5
699.5
700.75
714.5
735.5
740
762
779.5
778.75
685
486.5
464.25
489
498.25
496.5
488.5
497.25
493
486.75
471.25
463
448
447.25
436.25
424
448
493.25
553.5
574.5
581.75
576.5
583.75
591.25
598.5
605.75
605.5
590.75
586.75
586
579
582
581.75
571
567.5
560.75
557.25
555
557.75
562
564.75
548.75
670.25
849.75
886.25
905
884.75
580.5
195.5
167.5
174.25
182.25
211
209
210.75
211.25
197.75
195
202.75
187.25
178
187.75
681
672.25
622.5
559
441.5
434.25
552.5
622.75
664.75
662
655.25
656
633
565.5
452.5
333
324.75
354.75
376.5
395
388
392.75
399.5
406.5
416.25
436.75
448.25
468.25
466.75
481.5
478.75
485
493.75
491.5
499.25
502.25
501.5
496
516
514.5
583.25
566
525
501
487.75
498.75
536.5
524
523.25
559
573.75
602.5
606.5
641.25
644.5
671
672.75
713.25
713.25
730
737.5
738.25
754.25
770.5
770.75
794
757
573.25
455.5
456
474.5
476.75
483.75
481.75
481.75
471.75
458.75
450.75
435.25
426.5
406.5
440.5
495.25
551.75
581.25
584
576.25
579.75
588
586.25
600
598.75
606.75
575.75
571.25
568.5
577
583.25
573.25
568
569
559
564.5
561.25
568.75
571.25
556.75
572.5
766.25
869.75
908.5
898
462.5
159
167.75
182.5
193.25
215
209
209.5
182.25
187.75
215
190.5
183.75
188.5
213.75
691.5
651.25
595.25
490.5
353.5
419
554
630
662.75
663.75
656.25
654.25
628.25
561.5
448.75
320.25
309.5
344.25
371.25
378.75
386
391.5
397
406
414.75
426.75
430.5
458
463.75
465.75
469
495
492
490.25
496
495.75
493.25
484
619
433.25
488.25
490.25
479.75
485
485
514.25
529.5
509.75
529.5
544.25
553
572.25
590.25
612.25
619.75
673.25
690.75
704.75
740
737.5
731
751.5
745.75
754.25
772.75
784.5
781.75
776.25
664.5
457.25
430
462.25
458.25
466
468.5
465
456.25
441.5
438.25
426.25
407
433
493.5
555.5
589
592.25
583.25
577.25
576.5
578
574.5
587
598.25
580.75
561.25
564
566.5
581
571.25
569.5
568
558.25
565
561.5
575.5
575.5
569.75
567
630
847.75
893.5
675.75
185.75
165.75
169.5
191.5
219.5
209.75
218.75
187.5
179
203
192.75
179.25
191
208.75
162.75
671.75
624.25
544
396.5
309
418.5
545.25
624.75
665.5
665.25
656
654.5
619.75
547.25
444.5
312.5
309.75
351.75
373.5
397
402
396
395.5
404.5
408.5
428.5
439
459.5
446
460.5
470.5
478
476.75
492.75
495.5
495.25
497.5
510.25
481.5
443
473.75
478.75
483.75
495.5
480.5
513.5
532.5
515.75
529.25
546
523.25
550.5
560.5
599.5
639
677.25
699.5
705.25
709.5
729.5
724.5
750.75
763.5
758
775
783.25
788.75
777.25
796
757.25
502.25
410.25
418
437
450
453
449
436.75
429.5
427.75
408
430.25
487.5
562
599.75
603
599.75
586.75
570.75
562.5
555.5
552.5
582.25
588.5
575
566.25
575
582.75
574.25
568.25
567
561.25
572
573.75
575
579.25
582.5
588
599.75
752.25
645.75
232
172.25
177.25
181.25
196.75
199.25
211.75
197.5
196.75
207.5
207.25
181.75
189.5
245.5
185
126
649.25
590.25
472.5
330.25
316.75
429.25
545.25
628.25
669.25
668
657.5
649.75
618.5
551.25
440.25
307.25
308.75
356
378.5
394.75
403.75
399
393.75
396.25
401.75
425
435.25
451.5
462
454
468.25
479.5
476.25
487.75
492.25
490.5
498
568.25
448.75
458.25
445.25
453.5
470
501.75
496
511.25
504
534
544.75
532.5
541.75
557
564
582
615
650.25
660.25
696.75
725
728
753.5
759
765.5
768.5
783.25
781.5
777
781.25
792
782.25
778.75
541.25
428.5
386.75
416.25
438.75
439
421.25
425.25
427.75
402.75
420.25
487.75
572.75
604.5
614
614
594
572.75
535.5
513
509.5
549.75
591
583.5
569.5
577.75
591.75
574.25
569.5
564.5
567.75
577.25
575.75
585
584.75
594
596.25
619.5
520
222.25
174.25
173.5
180.75
205
212.75
202.75
188.5
171
216.25
208.25
194.25
205.25
247.75
225.25
140.25
354.25
618.25
536
378
338.75
324.75
432.5
548
625.5
664.5
671.75
663
645.75
622.75
554.25
437.25
311.25
315.75
350.75
385.25
400.75
391.75
393.25
398
403.5
407.25
423.75
439.5
454
463.5
453.5
469.25
476.5
478.5
489.5
481.25
495.5
544.75
482.75
443.5
428
442.25
472.25
466
480.5
504.5
489
523
511.25
533
546.5
535.75
550
554.75
584
593
635.25
676.5
715.75
732.75
745.25
739.5
744.5
762
763.5
782.75
774.5
756.25
760
779.25
820.5
860
886.5
863
492
366.25
416.25
422.25
404.25
412.5
414.25
397.5
426.25
489.25
572.25
607.75
617.25
619.75
608
584.75
516.75
450.5
448.5
507
568.5
593.75
577.75
579.5
590.75
575.25
570.25
570.75
568.5
575.25
573.5
580.5
588
597.25
615.25
574.25
274
174.75
171.75
175
197.25
207
208
186.25
178
211.5
215.25
190.5
198.25
239.25
267.5
158
284.5
605.25
571.75
454
332.25
333.75
338
436.5
555
624
661.75
668.5
665.75
652.75
618.75
543.75
429.25
317.25
310.25
356.75
378.5
390
394.5
398.25
395.5
402.25
410.75
427.75
440
449
457.5
460
480.25
481.75
489.75
484.75
483.25
503.25
502.5
439
437.25
444.75
468
472
475.5
489.25
485
487.75
496
502.25
528.25
527.25
534
530
567.5
549
602.25
629.5
678.5
730.5
732.75
742
740
743
759.5
750.25
726.25
758.5
804.75
839.5
840.25
847.25
845
863.5
899.25
790.75
359.5
370.5
401.25
404.5
402
400
386.5
419.25
484.75
563.5
602
611.25
617
611
592
530.75
405.75
347.75
421.25
527.75
583.5
586.75
572.25
583.5
575.75
568.5
574
574
580.75
576.5
580.5
594
601.75
604.25
346.5
174
168
173.25
195
214.5
206.25
199
180.25
197.5
216.5
184.5
185.75
222.75
291.25
247.25
278.5
538.25
641
505.75
361.5
337.75
350.5
349.5
432.5
546.5
623
665.25
672.5
662.75
654.25
613
541.25
438.5
325.5
322
360
375.75
390.25
395
396.25
416
399.75
405.5
422.25
439
455.5
458
462.5
472
479.75
482.25
493.25
496.5
503.5
437.25
424.25
444.25
467.25
463.75
486.5
479.5
477.25
471.75
475.75
507
521
549
546.25
542.75
541.75
558.75
556
601.5
625.75
673
719.5
723
738
760
717
695.25
746
816
840.25
825.75
831.5
831.75
825
837
834
871.5
894.75
657.25
331.75
360.75
384
388.25
392.25
380.5
410
480.75
554.25
610
611.5
609
613.25
589.25
540
400
248
313
476.5
554.5
590
581.75
581.25
582.75
567.25
574.25
568.75
579
570.75
580.5
598.75
616.75
453.25
178.5
157.5
163.25
192.75
214
214.25
209.5
175.25
194.25
210
186.75
191.5
240
273.25
279
309.75
511
590.5
601.5
408.5
338.25
351.25
351.75
344
431.25
549.5
617.25
658.75
668.75
659.75
656.75
612.25
540.75
434
321
316.25
361.5
379.75
383.75
403.25
402.75
407.75
401.5
406.75
431.75
432
452
463.5
460.75
482
484.25
484.25
486.75
502.5
446.25
429.5
431.75
454
454
476.5
469
474
454.5
473
494
502.5
523
545.75
544
549.25
564
562.5
585
586
618.25
650.25
704.75
710.25
722.5
655
700
802.75
841
825.75
821.75
811
826.25
824.75
814.25
822.75
831.25
845
881.75
879.75
546.25
319
349.75
370.25
380
376.25
404.75
479.75
555.5
610
617.5
615.25
605.5
599.5
547.25
425.75
226
220.5
390.75
506
577
594.25
577.5
578.25
568.75
572
572
579.5
574.75
588.25
612.25
540
229
220.75
182.5
191
218.75
215.75
214.75
192.25
184.75
226.75
191.25
185
216.25
253.25
298
335
497.25
594.25
579.5
564.75
345.5
357.75
364.5
354.75
344.75
424.5
546.25
613.75
652
672
660.25
653
618.75
537
427.75
322.75
322.75
367.75
388
392.25
392.75
391.5
398.25
399
412.25
419
436
453.75
462.75
462.5
473.25
481.25
487.25
497.75
464
428.5
447.75
446.75
454.75
471.25
469.75
455.25
440.5
455.75
499
510
516.5
544.5
551.75
568.25
569
585.75
555.5
556.5
577
610.75
666.5
695
657
633.25
775
817.25
804
809.25
832.25
830.5
806
788.75
805.25
809
846.5
844
846.75
864.25
890.75
847.75
404.75
304.75
333
348.75
357.25
399.5
485.25
563
610.5
614.75
614.25
616
600
555.5
429.75
222.5
178.25
322.25
453
547.5
589
588
577.5
569.75
568.75
572.5
578.25
579.5
596.25
609.25
320.75
164.25
176.5
179.5
203.5
210.5
212.75
192.25
172.75
222
205.25
193.5
200.5
217.5
273.5
349
482
578.5
592.5
561.5
630
340.75
360.5
366.25
358.75
342.75
424
537
610.5
650
664
662
650
618.75
539.75
441.25
320.25
315.75
364.75
384.5
398.5
394.75
389.75
396.5
402.25
412
418.75
435
456
472
459.75
474.5
483.5
491
501
453.75
457.5
444.25
443
459
470.75
457
472
471.25
479.5
507.75
514.75
520.75
549.25
542
563
567
562
550.5
557.25
583.25
610.5
664
579
668.25
778.75
807.5
800.5
819
804.75
803
785.25
787.75
817.75
808
798
808.75
812.75
830
839
847.75
869.75
821.5
552
301.5
311.5
338.5
384.25
482
558.25
607.25
612.5
617.25
611.5
603
556
426.25
227.75
186.25
231.5
380.5
499.5
566
592.75
577
566.75
562.25
572.5
581
596
610.75
463
183.25
152.75
173.75
215.5
226.25
212.75
195
177
206.75
215
180.5
212.25
216.25
246
283.25
475.25
572.75
597.5
565.75
623.5
651.25
358.5
366
362.75
360.75
349.25
418.75
539.25
608.25
650.75
662.75
663.5
655.5
617.75
540.75
440.25
328.75
309.75
354.5
377.5
394.5
396
397.5
398
407.25
404.5
422.25
438.75
453.25
465.5
470.25
470.75
477.75
519.25
461
427.5
447.75
453.25
441.75
451.75
456.5
461.5
470.75
479.75
517.25
513
523.25
551.75
555.25
553
560
555.5
539.75
527
551.5
560
580.75
579.5
724
783
774
783
782
793.25
787.75
798.75
792
787
797.75
819.5
817
824.25
827.25
830
836.25
835
854.25
863.75
878.5
606
270
305.5
370.75
473.75
557.5
611.25
612.75
613.75
610
618.25
548
423.5
242.25
175.75
169.5
268.75
423.5
530
584.75
584.75
566
562.75
572.25
587.75
607.25
552
231
156.25
167.25
187.5
218.75
218.5
216
190.75
195.5
226.75
186.75
204.75
210.5
216.25
251
425.5
565
573.75
579.5
614.25
654.75
651.5
366.5
370.25
370.75
364
359.25
430
542
608.25
643.75
656.75
657.5
645.75
618
548.75
431.75
330
311.75
357.25
377
381.25
394.5
404.25
394.5
395
405
419
434
448.75
464.5
468.25
457.75
507.25
558.5
412.5
412
432.25
457.5
445
452.75
455.5
449.25
477.25
489
518.75
532.25
560.5
565.75
535
562.75
562.5
555
532.75
516.75
528.75
515.25
629.75
707.5
768.5
791.75
770.5
767.75
754.25
767.5
759.25
775.5
814.75
813
816.25
811
818.5
820.25
831.5
819.25
832.5
826.5
843
852.25
864
861.25
414
267.75
350.5
465.5
547.25
602
612.5
615.75
611
606.25
551.75
436.25
253.25
175.75
166.5
181
318
468.25
547.25
579.75
563.5
554.5
568.5
590.25
597
344
174.5
174.75
180
209.5
214
216.5
211
186.25
220
187.25
191.75
204.25
202
217
377
572.25
575.75
548.25
592.25
646.75
655.25
652.75
366.25
367.75
361.75
357.5
347.75
422.5
541.25
611.25
644.5
659.25
652
653.5
628.5
550.25
441
328
316.25
347.25
369
390.75
393.25
397
405.25
399.25
407
430
436.5
455.25
459
453.5
441
634.5
508
406
423.75
438
443.25
442.25
454
469.25
476.75
487.75
498.25
512
550
557.75
523
535.75
555.5
555.5
524.5
513.25
471.5
504.75
655.25
743.25
759.75
752
753.75
767
755.75
743.75
758
778
794.75
805.75
816.75
810.25
822.75
805.5
819.25
818.5
811.75
816.75
815.5
821.5
852
863
892.25
755.5
320
319
450.25
545.75
597.5
609.75
618.25
615.25
602.25
547.25
433.75
264.5
182.25
173
159
202.5
352
473.75
585.75
632.5
571
581.75
597.75
466.25
186.25
175
178.5
207.25
217.5
209
213
197.5
209.25
212.25
199
221.25
201
165
314.75
551.75
591
555
579
632.5
648.25
641.5
646.5
359.25
364.75
358.75
349
335.5
410.25
543
608.5
647
657.75
652
651
628
549.75
450.5
327
314.75
350.5
375.25
374.25
389.75
393.75
400.5
398
423.75
428.5
436
446
453.25
438.25
451
758.25
448.25
421.5
414.75
433
444.75
445
439.25
467
476.5
501
514
534.5
542.5
545.75
536.5
536.75
555.25
516.25
495.25
463.75
534.25
691.75
745.75
740
743.25
750.25
742.25
707.25
727
772
788.25
789.5
778.75
798.25
811.5
811
806.25
806.75
802.75
798.5
803
827.75
835.25
818.5
839
843.75
878.25
899.5
552.75
284.5
439.5
545.75
598.5
599
610.75
614
611.25
551
439.5
261.5
179.25
176.75
163.75
147.75
291.75
696.25
845.75
826.75
789
820.5
684
232.5
171.75
194
191.75
215
214.25
214.75
227
209.5
205
192
217.75
198.75
182.5
250.5
503.5
593.75
557
572.75
632.75
642.25
637.75
630.25
633.25
357.75
356.25
355.75
356
336
400.75
530.5
608.5
651.25
654.5
653.25
651.25
622.75
549
435.25
307.5
303.75
340.5
354.75
372.75
383.5
379.25
379.25
394.5
406.25
418.25
424.75
437.75
440
412.5
576.5
718.25
428.25
409.75
420.75
437.75
458.25
448
457.25
470.5
472.25
514
522
547.75
528.25
523.5
523.75
546.25
498.5
454.25
465.25
589.75
701
716
745.5
705.5
701.5
730
724
746.5
741.75
765.5
777.75
781.75
782.5
780.5
785.75
796.75
776.25
787.25
820.25
817
814.75
812.5
825.25
828.25
830.5
833.25
849
890.5
778.25
284.25
412
538.25
595.25
607.5
615.25
616.5
607.75
554.25
431.75
255.25
176
157.75
151.75
324.5
768
825
786.5
836.25
881.5
898.75
863.25
261.25
174.25
189
211.25
219
223.25
213.25
205.75
210.5
207
205
230.25
188.75
190.75
440
594.5
576.25
566.5
629.25
654.25
637.75
636
625.25
630.5
358.75
370.75
372.25
369.5
349.25
412
526
603.75
648.5
666
658.5
649.75
623.25
543.75
430.25
301.75
291
326.75
367.75
379.75
391
392.5
392.25
397
402
419.75
421.25
445.25
441.5
412
710.25
681.75
436.75
403.5
423.25
427.25
463.25
446.75
464.5
465.25
493
522
500
496.75
473.5
530
533.25
498.75
469.75
476
628.75
708
718.75
657.5
686.5
717.75
694
701.5
722
741.25
753.5
759.5
762.75
779
774.75
764
748.5
776
803.5
801.25
813.5
802.5
797.25
799.5
808.25
819.5
817.25
811
829.75
862.5
884
519.75
380.25
531
601.5
612.75
622.5
614.5
606.25
551.5
419.5
226
153
160.25
453.25
812
758
779.75
865
876.25
875.5
889.5
922.25
488.25
169.75
181.75
202.75
218
211.75
191.25
202
196
192.25
215.75
210.5
192.5
360.5
571.5
591.25
562.75
614
642.5
641.75
637.75
633.25
629.25
627
368.25
373
380
377.25
356.75
410
524.25
602.75
657.25
668.5
664.5
660.5
619.5
547.25
431
309.75
301.5
328.75
369.5
392.5
394.75
398.75
399.25
400.25
404.75
417.5
434.25
447
455.5
425.25
799
637.75
398.5
403
413.75
438.5
442.25
428.5
461
497.75
516.25
491.75
475.25
494.25
531.25
500.25
500
444.5
477.75
657.25
702
689
658.5
677.75
681
688.5
720.5
724
708.5
759.75
760.75
738.25
744.5
753.25
740.25
755
793.5
785
790.75
767.25
803
796.5
802.75
805.5
810.5
827.5
818.5
819.25
821.75
831.5
858
817.25
407.75
517.75
597.5
616.5
626.5
621.25
603.5
532.75
390.25
181.25
189.75
582.5
823.75
705
787
869.75
850
841.75
837
837.75
906.75
615.25
166.25
185.25
197.5
208.5
204
189.75
186
171.5
199.5
223.75
202.25
259.25
530.5
605
575.5
597.75
636.5
634.75
629.75
634.25
629.75
627.75
629.25
382.25
387.75
391
387.5
383.5
416.5
528.25
603.25
653.75
673
670.5
661.25
633.75
558.75
436.75
322
311.5
348
372.25
392
398.75
399.5
402.5
400
420.75
427
435.5
449.25
436
461.5
824
616.25
407
409
425
403.5
419.75
460.25
492
493.5
481.75
480.5
487.75
527
532
520.5
447
495
650.5
668.75
658.5
653.75
659.25
662.25
716.75
724
699.75
727.75
749
732
733
743.25
715.75
698.5
756.25
766
792.5
785.75
774.75
783.5
777
802.5
790.75
794.5
770.5
782.5
801.25
812
813.25
819.75
827.5
856.5
725.5
538.5
587
608
620.75
616
585.25
493
326
361.75
725.25
799.5
725.75
817.25
851
844.25
821.25
802.5
820
859
900
619.5
158
197
222.75
202.75
180.25
180
178.5
196.5
205
182.25
181.75
425
608.75
585.25
589.25
637.5
636.25
634.5
629.5
630.75
625
615.25
628.5
393.75
400.5
397.5
386.5
378
413.25
530.25
606.25
653
665.25
667.75
671.75
639.25
566.5
438.25
322.75
319.75
352.75
379
395.25
404.25
403.5
417.75
403.5
409.5
438.25
440
452.25
435.75
552.5
810
536
411.5
383.5
406.5
429.75
452
448
456.75
463.75
477.5
495.5
508
501.75
490.25
442.25
499
636.75
622
627.25
604.75
658.25
650.75
686.25
701
717.5
739.75
700.75
720.75
724.25
721.5
681
697.5
729.25
756
736
764.25
778.75
777.5
787
788
793.75
761.25
674.5
777.75
798.25
807
798.75
804.25
799.5
796.5
823.5
848
786.25
584.75
607.75
606.25
597.25
556.75
491.75
628.75
819.5
769
752
836.75
843.75
819.75
818
801.5
813.25
838.25
868
893.25
558
173.5
193.5
202.25
216.25
202.75
185.25
196.75
210.25
206.5
142
289.5
571
604
577.25
626
639.5
633.75
629.75
622.5
623
624
616
619
402.25
400.75
395.25
394.5
388.75
430.75
534
602
645.75
668
678.5
673
649
568.25
450.25
320.5
318.5
355
377
399
404.5
405
402.5
398
400.5
420.25
432
440.25
406.5
619.5
748
516.25
439.25
400.25
419.25
418
405.75
429.5
469.5
459.5
495
508.5
476
478
450
511.25
622.5
617.5
593.25
592.25
591
615.25
686
694.5
710.75
685.75
683.5
717.25
713.25
708.75
676.25
690.25
735.25
726.5
732.25
740
739
748.5
764.25
785
804
746.5
686
759
773.5
791.5
790.75
792.5
793.75
793.5
783
784.5
798
827.25
672
607.5
591
583.5
668
810
791.25
749.25
785.5
835.5
829.5
811.75
806
807
811.75
828.75
853.5
868.75
886
437.75
177.75
206.5
194.25
201.75
193.5
175
187.5
203.5
189
208.75
477
610.25
586.25
603.75
643
636
631
629.75
622.5
625.25
620
611
616.75
393.75
394
396
395.75
390.75
439.75
540
613
653.75
677
684.25
686
658.25
574
445.5
324.5
318
366
374.75
397.25
397.5
399
403
395.75
404.25
419.5
429
419.75
387.5
708.25
715.75
540.5
452.75
423
419.5
416
413.75
429
428.75
475.75
473
467.25
490.5
460.75
553.5
591
588.5
579.75
595.25
557.75
617.25
650
656
696.75
676.25
664.5
682.75
710.5
703.5
632.5
711.25
697
698.75
722.25
706.5
714.25
715
722.75
754
702
719
725.5
741.5
737.25
741.25
767.25
781.5
769.75
761
764
774.5
751.25
755
774.25
740.5
588.75
644.75
761.5
802.5
769.25
759.25
818.75
829.25
807
801.75
800.75
808
818.75
813
825
848.25
876.5
883.25
321
197
213.5
206.25
198.75
170.5
179
199.75
214
240.25
375.25
581.5
591.75
589.75
629
637.5
636.5
630.75
630.75
629.25
620.25
616.5
611.75
611.75
401
400.75
391.5
398.5
394.5
440.75
536.5
617
660.5
682.25
692
691.5
664
579.25
450
324.25
314.5
365
371.5
389.25
400.25
393
393.25
391
396.25
410.75
419
411.25
374.5
796.5
718.75
571.25
471.5
413
424.25
415.25
434
436.75
453
471.5
467
504.5
460.25
528.75
588.5
600.25
557.75
579.5
530.25
598.25
627.5
649.75
643.25
630.5
677
708.75
680.25
644.75
660
704.5
686.75
707.5
699.5
698.25
694.75
710.75
746.25
746.25
715.25
707.75
733.75
752.5
722.75
759.25
765.25
769.25
751.25
739
736
751.75
741.25
734.5
732.75
738.25
766.5
732
808
763.75
763
803.75
821.5
818.5
806.5
796.75
798
806.5
819.5
816
790.75
819.75
845
881
862
205.75
185.75
200
208.5
205
174.5
194.5
200.25
235.75
319.25
526.25
599.25
580.25
613.5
637.75
639.5
634.75
628.75
627.5
626
617.25
619.5
612.5
620
392.75
393.75
387.5
390.75
397.5
436.25
530.25
612.75
670.25
690.25
696
691.75
662.25
575
449.25
321.5
310
352.75
378.25
386.5
394.75
390.25
393
389.25
397
406.25
421
403.25
397
839.25
727.75
592.5
516
477.75
437.5
416
430.5
441.5
442.25
484.5
492.5
472
504.5
590.25
574
555.25
579
526.75
586.75
596.75
603.75
609
615.5
675.25
684.5
670.5
642.25
669.25
689.25
684.75
693.25
689.75
693.5
695.25
679
696.25
713.75
720
733.75
721.25
716.25
731
759.25
747.75
754.75
735.25
712.75
693.75
733.5
728.25
711.75
701.25
663.25
747
775
738.25
771
789.5
827.75
829
787.25
799.75
799.25
788.25
800.25
811.5
814.75
785
743.75
813.75
838
871.25
710.5
152
179
191.5
203.25
185.75
180.5
204.25
208.5
224.25
444.25
597.75
586.5
591.75
632.25
641.75
637.75
634.25
630.25
630
629.75
625
624.25
619
623
394.25
391.5
387.25
394
384.5
425.5
530.75
612.25
665.5
690.25
689.75
691.5
662.25
573.25
458.25
330
319.75
362
377.25
390.5
399.5
389.25
397.75
393.25
392
414
415
399.75
420.75
840.75
715.25
613.25
556.75
511.75
459.25
423
422
429.5
451.25
469.5
432.5
520.75
561.25
577.25
561.25
556.75
498.75
582.75
599.75
615.75
555.5
580.75
625.75
654.25
664.5
610.25
682.5
706.25
668
665.25
696.25
705.25
690.25
666.5
686.25
662.5
687.5
709.25
691.75
708.25
737
714.5
747.5
749.75
710.75
717.75
724.5
693.5
696.25
714
658
678.5
769.5
753
730.5
781.75
811
815.25
810.5
792.25
791.25
798.5
794.75
796.75
811.25
815.75
801
669.25
676.25
780.5
793.75
849.25
474.75
166
175.75
195.25
203.5
192
188.75
204.5
199.5
286.5
560
601.25
586.25
629
640.25
643
636
640.5
634.25
629.75
630
627
629.25
623.5
626.75
389
383.25
384.5
384.25
387.5
427.75
540.5
623.25
674.25
685.5
689.5
681.75
656.75
577.25
451.75
329.75
317.5
366.75
382.5
397.5
396
391.25
394.75
392.75
397.75
404.25
406
397
417.25
821.25
710.25
640
583.25
554.5
498.5
435.5
380.75
414.75
465.5
438.5
503.25
568
542.75
558.75
547
479.75
578.25
601.25
585.5
582.75
604.25
602.5
571
617
597.25
681.75
683.75
658.25
672.75
672.75
654.75
677
650.5
662.25
657
670.25
637.75
659.5
691.75
696
706.5
739.5
706.75
709
696
683.5
723.75
687.25
635.75
664.5
733.75
765.25
739.25
774
805
800.25
794.75
770.75
771.25
785
794.75
798
798.25
804.25
817.75
818
705
635
691.5
603
732.5
802.25
230.25
185.5
214
207.75
189.25
176.5
186.75
193.5
296.25
466.75
598
583.25
608
633.5
640.75
631.5
639.25
636.75
629
632.25
628.75
629.5
634.5
619.75
627.25
375.75
378.5
377
378.75
387.25
433.75
545
622.5
666.25
684.75
682.5
682
657.5
585.25
452.25
326.75
317.5
365.25
380.25
393.5
394.5
387.25
389.5
389.5
393.5
406
398.25
379
449.25
801.5
705
640.75
602.5
555.25
528.25
424.25
395.5
428.5
417.25
509
561
533
547.75
522
476
558
569.5
580.75
562.75
576.25
571
615.5
598.75
580.75
650.75
631
635.5
685
653
653.25
651.75
637.25
672.75
640.25
638.25
641.75
658.75
667.5
680.5
682
669.5
698.25
693
676.5
689.5
662.25
664.75
649.25
694
745.25
718
754
795
816.5
796
776
765
769.5
776.25
794.25
803.25
801
807
813
828.25
777.25
627.5
691
586.25
619.25
736.25
643
153.5
166
210.25
202.5
170
201
187.5
234.75
383.5
585.75
592.25
588.5
628.75
641
640.25
632.75
630
630.25
633.25
633
624.5
622.5
632
621.75
626.5
381
376.25
378.75
376
386.5
443
546.25
624
669.25
684
682
682.5
663.5
584.75
459.5
332.5
321.5
363.5
382.25
392.5
390
387
392.25
388
399
396.25
397.5
364
507
784.25
726.5
653
613.5
556.75
543.5
477.75
428.25
404
500.75
561.5
542
542.75
497.75
480.5
562.25
572.25
573
557.75
531.25
558.75
599.75
563.75
589.25
637.5
618.75
624
627.25
629.5
602.25
628.75
654.25
658.5
614.25
613
659.75
654.5
665.75
652.75
665.5
663.5
661.75
648.5
645
669.25
643.75
622.25
651.25
733.5
719.75
729
776.5
795
781.25
755.75
765.75
768.25
779.75
782.25
796
808.5
808.5
807.25
814
826.75
830
657.5
661.5
613.25
637
619.5
797.75
408.5
167
189.5
195.75
203
193.75
208.75
199.5
280.5
517
606.75
576.5
610.25
632.25
639.25
631.75
621.25
624.25
629.25
629
628.5
622
628.5
622.5
621.25
624.25
391.5
388.5
381.75
390
408
451.25
546.5
621
669.75
688.25
690.25
685
660.5
592
465.25
328
309.25
354.25
380
386.25
385.25
376.5
393
389.75
392.75
393
387.5
351.25
539.5
808
756
693
647.5
583.25
584.25
510.25
398.25
470.5
547.5
511.75
535.5
504
487.75
555.25
550.75
569.5
549
510.75
525.5
606
555
565.5
636.25
614
571.75
554
586.75
609.25
553.25
535
483.25
496.25
640.75
651.25
638.5
642
641.5
655.75
639
640
644.25
641
643.75
604.5
613.5
714
729
700.75
762.5
793.75
782.5
755
744.5
755.75
773.75
776.25
788.5
798.5
809
813
811
811.25
824.75
835.75
753.25
637.5
600.5
531
448.75
647
821.25
185.25
169.5
204.75
203.25
203.25
239.5
212
216.75
367
594.75
591.25
590.5
629.5
637
630.5
628.5
623
619.25
624.75
626.5
624.5
622.5
625.75
623.5
620.5
618.25
392
387.25
391.5
397
417.5
453
550.5
619.25
673.5
686.5
687.75
687.5
669.25
592.75
458
322.75
299.5
353.5
381
388.5
387.75
384
390.75
391.5
388.75
398.5
383.75
347.75
528.5
821.5
773.5
691.25
647.75
618.75
608
555.5
449.25
493.5
505.5
521.25
495.5
473.25
540.25
568.5
545.25
541.5
498.5
529.75
571.25
540.25
566.25
602.75
555.5
439.25
510.75
471.25
418.25
422.75
443.5
611.25
621
477.75
511.5
550.25
606.5
596.75
591.5
562.25
599.5
546.75
408.75
496
597
616
728.5
693.75
723.5
793.5
792.25
780.75
765.75
766
767
774.5
790.25
793.25
800
805.75
812.75
812.75
812.75
817.5
838
816.75
656.75
520.25
369.5
373.5
538.5
814.5
576.25
140.75
164
193.25
186
192
217.75
205.25
254.25
502
605
581
615.5
636.5
634.25
632.25
625.5
622.75
623.5
623.75
620.5
620.75
619.75
620.25
620.75
610
613
392.75
397
390.25
401.25
414.5
470.25
556.75
624
676
692
694.5
690.5
667.5
595.25
462.75
318.5
303.75
342.75
375.5
383.75
392.5
393
399.25
394
395.5
397
384
342
506.75
826.5
782
744
668.75
570.25
587.75
577.25
451.75
476.75
482.25
482.5
460
533
555.25
541
519.5
488
518.75
535.25
531
553.25
572.75
573.25
499.5
555.25
485
440.25
365.75
322.75
324.75
622.5
636
525.25
478
444.5
345.5
411.25
402.75
351.5
272.5
233
277.5
211.25
657.25
696
649
735.25
776.75
784.75
771.75
780.25
776.5
773.5
768.75
783.5
797.5
797.25
801.25
805
818
814.25
815.5
822.25
762
578.25
410.5
337.25
376
483.75
743.25
798.5
213
168.25
192.25
192
173.75
192.75
211.25
189.5
370.25
583.75
585.75
589.25
635
642.5
637
635
634
617.5
625
623.5
619.5
620
614.75
614
615.25
611.25
612.25
406.25
399.75
392.75
404
431.25
465.75
561.25
629.75
679
691.5
691.75
690.75
667.5
597
470.75
316.25
301.75
345
377.25
386.25
392.25
391
401.25
388.75
393.75
402.75
391
363.25
423.5
834
788.25
785
669.25
523
527
493.75
444.5
461.5
474.75
430.75
515.25
547.5
534.5
520.75
504
523.25
527
526.5
525.75
571
547.5
457.5
546.75
489
451.5
427
464.5
401.5
374.25
433.75
505.5
387.25
278.5
290.25
371.5
293.5
292.25
189
163
180.25
246.25
513
651
673.75
790
793.75
777.5
773
771.75
779
775.5
767
777.5
786.25
792.75
796
789.5
811.5
820
819.5
686
504.75
382.25
361.75
357
389.75
495.25
713.5
802.5
409.75
182
187.75
200.75
197.5
187.25
215.75
184.25
200
492.75
588.5
572.75
621.5
644.75
643.25
637
636.75
635.75
629.25
626
618.25
612.75
618
619.5
614.5
613.75
608.25
613.25
410.5
407.25
384.75
408
426.5
473
556
628.5
681.75
684.5
689
688.5
668.75
596.5
462.5
322.5
310.5
350.5
381.25
384.25
395
389.25
402.25
392.5
399.75
394
383.75
363.25
337.75
815.75
812
795.25
685.5
498.75
529.75
552.25
486
459
429.25
493.5
550
544
511.5
485.25
514
535
520.25
509
556.5
535.75
468.75
522.5
504
454
475.25
393.5
316
260
257
344
440.25
390
389.25
386
322.5
249.75
324
176.25
149
223.25
602.25
568.25
686.25
758.75
773
781
772.5
766.5
762.25
773
770.75
766
770.25
780.75
785.75
800.5
805.75
825
726
442.75
364.25
352.5
354.25
396.5
455.25
592.25
738
735.75
283.25
167
183.25
199.75
187.25
185.5
205
222.25
177.75
306.75
572.75
580
593.25
644.5
649.5
646.25
637.25
638.5
636.5
630.5
625.75
623.5
623.25
617.75
616.25
614.5
613.25
612
611.25
416.25
402.75
393
400.25
422
465.25
554.5
620.75
673
686.75
685
685.5
667.5
600
466
329
302.5
351.75
375.25
382.5
388.25
387.5
400.75
390.5
396.5
392.25
386.5
383.75
330.5
706.5
803.75
792.75
688.5
540.25
565
575.75
520.5
414.5
464.5
534
540
517
482
501.75
531.25
510.5
507.5
557.25
543.25
450.75
515.5
521.25
423
326.5
319
312
238.75
217.25
290.5
434.25
395.5
243.75
345.5
367.75
337.75
228
312
132.5
291
630.5
535.75
671
764.75
726.5
735.5
763.75
759
754.5
744.75
760.75
759.75
768.5
771
781.25
787
795
721.25
529.75
517.5
399
376.5
403.75
486.75
591
659.75
722.5
752.25
323
183
186.25
210
207.75
179
176.5
223.25
236.25
225
459.25
594.5
575.5
629.75
657
650
648.5
641.5
639.5
637
631.5
630.5
629
620.75
624
619.25
616.75
619
609.5
604.75
416
413.5
404.75
399
412.75
465
555
620.5
670.25
682.25
680.5
681
667.25
600.25
475
324
306
341
370
382
389.5
390.75
392.25
392.5
392.5
393
398.25
394.25
344
534
819
776.25
745.75
618.25
551.5
561.25
465.75
449.5
536.75
536.25
502.5
460.75
508.75
514
503.75
478
538.75
537
555.5
471.75
503
334
258
334
260.5
211.25
195.75
202.25
433.25
408.75
225
249.5
382.75
334.5
230.5
162.25
368.5
345.25
616.5
544
731.5
763.25
733.25
722.75
742.75
738.75
740
736
742.5
755.25
760.25
766.75
778.25
790
746
507.5
361
426.75
540.25
570
588.75
644.75
661.75
670.5
701
762.5
306.5
171.5
190.75
218.25
208
200.25
193.25
184.5
218.75
199.25
287.75
555.5
587.25
577
654.25
654.75
657
658.75
646.5
645.25
639.25
634.25
629.25
625.75
618.25
622.25
617.25
622
618.5
610.25
602.75
418
415.75
405
406
410.25
457.75
548.5
622
672.25
686
683.25
684
668.5
596.5
480
324.25
305.5
356
374.25
378.75
386
390.25
396.5
389.75
391.25
391.75
403.5
406.5
366.25
401
826.75
797.25
774
672
641
549
428.75
508
543.5
519.75
441.5
494.75
502.75
497.75
484
523.25
501
421.25
462.25
453.75
290.5
284
311
234.5
205.25
234.75
166.25
301.75
346.75
242.25
251
407
408.75
247
287.5
183.5
510.25
586.5
550.25
730
783.25
729.25
712.75
730.75
729.75
716
715.25
711.25
743.5
757.75
759.5
775.25
774.5
565
331.5
292
495
442
501.25
641
658.5
672.5
679.5
726.75
778
345
167.5
180.25
201.5
215
211.75
200.25
182.75
199.5
209.25
206.75
408.75
586.25
573.5
618.5
658.25
659.5
656
659.25
648.25
647.75
641
632
633
627.5
623.5
625.5
622.5
617
611
611.25
606.5
423.25
419
402.5
399
403.75
441.75
537.75
625.25
677
683.5
684.25
686.25
670.75
601.25
486.5
315.75
295.75
345.75
366
378.25
381
382.25
388
390.25
386.25
392.75
413.25
417.75
400.75
355
652.25
837.75
760.5
667.5
692.5
445
501.25
512.75
507.75
440.25
503.5
506
478.75
486.5
515.5
529
500.75
340.5
305.5
310.25
301
322.75
259.25
195.25
356.5
166.75
198.5
339.5
217.75
217.75
300.75
281
320.75
301.5
323
384.75
544.75
555
750.25
779
759
736
722.5
721.75
719
695.5
706.25
708.25
748.25
765
759.25
749.25
585
292
305.5
392.5
447.75
488.25
469.25
593.5
651
684.5
737.75
683
277.75
161
174
195.5
211
224
225.25
192.75
180.25
202.5
198.5
259.5
496.5
560
565.75
647
664.25
659.75
657.25
654.5
652.25
650
646.5
634.5
632
629.25
628.5
628.5
623.25
622.25
611
607.75
606.75
429.75
419.5
409
395.75
386.75
426.5
533.25
619.75
670
690.75
692.25
690.75
670.5
602.5
480
317.25
301.25
334
365.25
376.5
390
387
387.75
392.5
385.75
402
415.25
422.75
416.5
386.5
387.25
803.25
791.5
737.25
701.5
498.75
502
516.75
472.75
483.5
518.5
526.5
500.25
483.75
523.75
483.25
446.25
390
334.25
288.5
353.5
213.5
163.25
263.25
373.75
160.75
231.75
316
196.75
222.25
210
260.5
260.25
405.75
438.5
438.75
515
758
773.25
766.5
737.25
720
711
727
705.75
681
725.5
719.5
743.5
735.5
734.5
769.5
691
395.75
348
400.25
393.75
512.75
467.25
563
672.75
758.75
583
212.75
173
173.75
201.5
214.25
208
218.75
200.75
185
184.25
215
225.5
356.25
528.75
509
593.75
666.5
664
653.25
648.75
649.25
650.75
653.5
648
637
639.75
634
636.5
635.75
626.25
623.75
616.5
609.75
606.25
430.5
413.25
408.5
396.75
379
409.75
529
619.75
675.25
689.5
689.25
697.5
676.25
603.25
482.25
319
293.5
335.5
359.75
379.75
382.5
380.25
389
390
394.5
405
418.5
434.5
437.75
416
365.25
591
822
771.5
669
541
470.75
460
463
513.25
492.25
464.5
491.25
508.5
487
443
304
289.75
315.25
362.75
319.5
219.25
181.5
294.75
302.75
217.75
256.5
205
221.25
283.5
288
310.75
283.75
382.5
488
521
679.75
736.25
733
741.5
710.75
700.25
703.75
700.75
699.25
697.5
718.5
723.25
751.25
760.5
776.5
798.5
754.75
545
354.25
348.25
388
382
533.75
558
654.5
450.5
178
174.75
182.75
187.75
215.5
226.5
222.75
221.25
184.75
181.25
199.75
203
255.25
446.5
519.75
510.25
636.25
667.5
665.5
651.25
654
653.75
653.25
643.5
645.75
642.25
638.75
639.25
636.75
632.25
628.25
621.5
617
610
603.75
421.5
418.75
403.25
395.75
370.75
397.5
521.25
609.75
667.5
688.25
687
697
680.5
605.25
489.75
316
294.25
324.75
360.75
382.5
391
388.75
386.75
389.25
390.75
406
418.75
440
444.25
428.5
385.5
514.75
861.5
810.25
718
497
496.75
435.25
485.5
483
476.25
523.25
524
458
456.75
400.25
284
237.75
219.5
315.25
291.25
252.75
212.25
257.25
354
309.75
179.75
189.75
191.75
198
171.25
228.25
374.75
324
475.75
598
677
708.5
726.5
701.5
674
689.5
699.25
703.5
692
687.5
708
769.5
783.75
778.5
788.25
789.75
783
647
405
267
287.5
325.5
473.75
569.75
574
347.25
168
164.25
180
219.5
217.25
233.5
233.75
206.25
179.25
172.75
207.75
204
323.75
521.5
500.5
541.25
640
661
662.25
659.5
652
652.5
653.75
651.75
646
645.25
639.5
644.25
637.25
631.25
630
627
619.25
612.25
607.75
417.75
421.75
405
392.75
364
393.25
520.75
608.75
668
688
695.5
694.5
676.5
605.75
489
320.25
295
344.75
368.5
390.75
391
397
395.75
391.5
391
406
421.25
450.25
453.25
434
399.5
505.75
862.75
844.75
555.25
445.75
475
483
469.75
449
534
533.75
498.5
399
268.5
238.5
291
186.5
184.25
264.5
291.75
335.25
205.25
254.5
291.25
447.5
204.25
191
174.25
159.75
170.75
400.25
395.5
514.75
593.5
724.5
721.75
746.75
733.75
666.5
651.25
678.5
715.25
656
667.25
716.5
771.25
785.75
798.25
784.75
790.5
804
790
691.75
442.75
278.25
181.25
317
392
562.75
589.25
284.25
187.75
180.5
188.25
214.25
228.5
240.25
238
201
184.75
185.25
193
205.75
432
549
507.75
589
629.25
650.5
659
656.5
654
644
644.5
646
652
645.5
643
639
637.5
632.25
635.25
629.5
622.75
612.25
601.5
420
412
402.25
398
372.25
398.75
520.5
610
668.25
689.75
691.75
690.5
674.75
612.25
492.5
333.25
297
335.5
373.25
386.5
397.25
400
401.75
392.25
399.25
416.25
424.5
439.5
459.25
442.5
420.25
444
861.25
801.5
435.5
428.25
451.25
459.25
469.25
507.75
465.5
482.25
455
383
175.75
309.25
192
181.25
191.25
204.75
299
280.75
245.25
283.25
197.75
435.25
309
253.5
145.75
146.75
459
478
588
647.25
557.5
724.25
734.75
754
694
649.75
648.75
712.75
676.75
658
698.25
747
776.5
780.5
806.25
799
813.25
830.5
823.25
742
507.25
308.5
168.5
239.25
319.5
602.25
607.5
220.5
180
186
197.25
214.25
223.75
244.5
231.75
181
179
197.5
189.5
278.25
521.5
537.5
555.25
609.5
598.5
611.5
635.75
649
653
649.75
646.25
641
645.25
651.5
643.25
635.5
633
630.75
630.75
630.5
621.25
612.75
602.25
412.5
417.25
405.5
393.5
377
394.5
521.75
611.75
664.75
688
691.75
695.25
684.5
607.75
498.5
337
300.5
332.75
367.5
390
405.25
407.25
407.75
401.5
399.5
404.75
452.5
516
457.25
452.25
438.25
407.25
773.5
727.25
447.75
471.25
436.5
449.75
518.75
490.75
393
319.5
275
278
199.5
333.75
172.25
221.25
217.5
192
216.75
250.5
237.25
327.5
270.25
341.75
250.25
147.5
136.5
407
516
605.75
691.25
658.25
577.5
671.25
732.5
724.75
676.25
674.25
676.5
639.5
640
686
728.5
758
784.75
791.75
803.25
805.75
825.25
836.75
840.5
790.75
586.75
355.5
184.25
174.75
267.5
525.25
634
252
202.5
207.25
220
222.25
234
256
214.25
181.5
199.75
211
176.25
370.25
562.25
526.5
608.5
629.75
607.25
599
599.5
604.25
610.75
624.75
634.5
638.25
641
642
644.5
637.75
637
632.5
625.25
622.75
619
614
603.5
417
404.5
401.25
393
368.75
401
517
605.75
669.75
690
695.5
693.25
683.25
606
494.75
345
313
346.25
384.25
404
406.5
411.5
407
399.5
399
412.25
488.75
455.5
462.75
461.5
462.75
442
567.25
769.5
460.75
448
472.75
494
509.75
515
423.25
309.25
219
187
179.75
303
188.25
235.75
217
204.25
205.75
229
209.25
358.5
367.25
304.25
388.25
128.75
352.5
541.25
594.5
699.75
716.5
691.5
599.75
680
760.5
728.25
673.25
655.25
616.5
626
671.75
695
747.25
767.75
784.75
793
811.75
808.25
831
840.25
844.5
812.75
655
385.25
213
145.25
246.75
453.5
627.75
296.75
214
210
213.75
236.75
242.25
256.25
202.75
182.75
201
195.5
208.5
476.75
558.75
553.5
646.75
644.25
625
609.75
604
599.5
591.25
603.5
601.25
594.5
613.25
623.5
638
636.75
628.5
628.75
620.25
616.5
615
602
598.5
414.5
401.75
398.75
376.75
366
385.25
509.5
605
670.75
693
699
695
679.75
607.25
495.25
340
319.5
365
377.5
393
404.75
403.75
412
408.75
408.25
419.75
469.25
454.75
471
474.25
477
465.25
466.5
715.5
483.75
454.5
523.25
514
521.75
415.5
268.25
218
331.5
164
169.75
306.25
230.5
242.75
210.25
212.25
213.25
255
184.5
285.25
270
167.25
404.75
278.5
540
543.75
671.75
697.5
748.75
724.25
562.25
695.25
762.25
669.25
644.5
620.75
634.5
670.25
689.25
701
739
774.5
782.75
792.75
812.25
815.25
828
839.5
850.25
838.25
705.75
444.75
263
166.25
188.25
387.75
655.5
321.75
189.5
214.25
228.5
234
234.75
237.5
203.5
192
214
181.75
299
559.25
542.75
592.75
660
650.5
646.5
633.75
628
619
610.75
610.25
597
584
582
582
593.25
603.75
611
613.25
608
608.5
615.5
606
600.25
406.5
403
390.25
392
365.5
388.5
516.5
603.25
673
694.25
697
700.5
679.25
612.25
491.25
336.5
313.75
352
380
400.75
403.75
411.75
418.25
408
409.5
428
444
464.75
459.75
453.5
447.75
450.75
508.5
458
451.75
509.25
541
509
454.25
261.5
264
154.75
316
229.5
189
175.75
283.5
308.75
173
201.25
258.5
225.25
219.25
202.75
327.5
124.5
287.25
524.5
514.5
657.75
641.75
675.5
747.25
739
615.5
722.25
682
623.5
634.25
634.5
655
686.75
693
712.5
726.5
765.75
786
788
792
805.5
817.75
835
844.5
840.75
759.5
497.75
325.75
173.75
169
327
667.25
336.75
208.75
217.25
226.5
244
253
216.5
194.25
207
202.5
194.5
438.25
556.5
543.25
627
653
643
643.5
636.75
653.75
646.5
648.5
630
619.75
599
580.75
588.25
578.75
574.25
570
579.75
589.75
599.25
612
603.5
600.75
401.5
394.75
391.75
387
367.75
383.75
519.25
612.25
669
688.25
698.5
702.25
686.5
607.25
490.25
341
304.75
348
378.5
401.25
401.5
408.25
409.5
410
407
424.25
445.25
462
473.25
476.5
477.25
495
519.5
529.5
581
491.25
516.75
476.25
406.75
232.25
310.75
151.5
387.5
178.25
187.75
293.25
343
222.25
169.25
201.5
272.75
177.75
309.25
259.5
209.75
175
467
435.75
674
672.25
655.5
659.5
755
744
714.5
672.5
564.5
606.25
645
657.5
676.25
700.75
708.25
708.5
714.25
744
775.25
777
780.5
794.5
809.25
822.25
840.5
836.25
786.25
532.5
304
168
168.5
264.5
639
405.25
240.25
257.75
234
244.5
248.25
201.25
207.25
212.25
186.75
257.25
511
539.5
554.75
639.75
648.25
646.75
641.25
636.25
646.75
657.25
661.75
648.5
631
618.25
600
590.25
578.75
573.25
573.5
573.75
567.75
568.5
581.25
584
596.5
401.75
399.25
396
393.75
373.75
381.5
512.75
606.5
667
699
702.5
702.25
680.75
612.75
492.25
339.75
312.75
349.25
372.25
397.25
413.25
403.25
406
401.25
412.5
426.5
449.5
468.25
473.5
474.75
601.25
588
267.25
185
401.25
615.75
472.75
409.75
248.75
337.5
231.5
221.5
395.5
165.75
203.5
220
221.25
172.25
191.75
212.75
245.5
230.75
287.25
260
172.5
392.25
462
658.25
684.5
734.25
636.25
661.5
766.5
771.25
617.25
387.25
408
435.25
452.75
525
631.75
697
719.75
706.25
700.75
721.5
762.25
774.25
759.75
776.25
795.25
808.25
824.5
799.75
681.75
447
225.25
168.5
158.25
257.75
585.5
477
226
250
240.25
268.75
243.25
195
204
212
186.5
345
547.25
524.75
591.25
647
635.75
633.75
634.75
630
631.5
638.25
646.75
650.75
630.5
617
622
608.75
605
593.25
594.5
587.25
565.75
564.5
562.5
556.25
550.25
404.5
407.75
401.25
397.75
375.5
376.5
511.25
607.75
670.25
695
702.75
706.5
687.5
615
499.25
332.25
316.75
349.5
377.75
396.25
414.5
399
405.5
404
404.5
422
444.75
459.75
475.25
510
588.75
507.75
214
167.75
493.25
545.25
355.75
301.75
267.25
346.5
176.75
329.5
385.5
150.5
228
251.75
262.25
219.25
186.25
164.75
286.5
322
250
185
267
523.5
594.25
684.5
736
743.75
622.75
721
765.25
598.5
536.25
592.5
581
531.5
387.5
296.75
319.25
465.75
652.75
693.75
685.25
703.75
753.75
765.75
751.25
768.25
775.5
754.25
642.25
485.75
387.5
361.5
296.25
184.5
169.5
232.75
526.75
552
223
250.5
258.25
254
207.5
202.75
200.25
222.5
202.75
432.75
546.5
528
623.75
650.5
634.25
628
629.5
623.75
620.5
625
629.25
637
626
615.75
615.75
613.75
616.75
618.75
615.75
604.75
581.5
569.75
562
542.5
530.5
408.25
421
405
393
364.25
372.25
505.5
601.75
668
698.25
697.75
704.75
695.5
618
504.5
338
318.25
354.5
384
407.25
405.5
402
402.75
393.75
401.25
411.25
427
440.25
513.75
613.5
581.75
592.75
414
342.25
470.25
441.5
290
229.75
366.5
271.5
315.25
259.5
349.75
191.5
244
177.75
221
333.75
154
173.5
181.5
279.5
221.75
153.5
504
561
696.5
715.5
778.25
691.25
681.75
752.5
508
460.5
484
497
414.25
563
448.75
419.25
387.5
371.5
473.25
632.75
653
677.5
742.25
771.5
759.25
751.25
684
503.5
404.75
407.75
423.5
420.25
341
242
171.25
231.75
487.5
556
261.5
243
238.5
254.75
200
204.25
213.25
209.5
253.75
500.75
531
556.5
636.5
639.75
630.25
625.75
624.25
620.75
618.5
618.25
624.25
634.5
622.25
618.25
610.5
611.75
615.75
621.5
622.25
616.25
599.5
595.5
570.25
543.25
530.75
405.75
405.25
394.25
386.75
354.75
359
510.25
601.75
669.5
704.75
703.5
704.75
684.5
621.25
509.25
343
305.75
340.75
374.25
399.5
407.25
395.5
396
392.5
387
394
471.5
572.5
573
610
609.5
628
552.25
506
227.25
191.5
280.75
338.25
391.5
298
377.5
198.5
245.25
248.75
284
164.5
169
357.25
243.25
173.25
185
157.75
160.75
371.75
503.5
704
692.5
771.75
782.75
720.25
723
393
315.75
287.5
240.25
228.25
210.25
237.25
190.25
305.5
482.75
495.75
500.25
568.25
619.75
652.75
745.5
778.75
782.25
735.5
522.75
367.75
255.75
207.25
216.5
235
262
228.25
164.25
243
458.5
564.75
318.5
236.5
250.75
228
192.75
199.75
209.25
177
313
547.5
525.75
592.25
637.25
635.75
622.5
619.5
621.75
620.5
617
620.25
622.75
626
619.25
610
610.5
612.75
610.5
614.25
618.75
607
584.5
582.25
574.5
556.75
542
382.75
386
372.5
365.5
330.75
335.25
489.25
599
671.75
699.75
704.5
704.75
683.75
611.25
506.5
335
295.75
341.75
357.25
382.5
401.75
385.5
386.5
382.5
359.75
432.25
711.75
675.25
568.5
598.75
588
535.75
294
258.5
146
354.25
303.75
369.25
300.25
334
452.5
186.25
243.75
220
331.25
190
159.75
189.5
406.5
281.75
182.25
153.25
204
517.25
647
684.5
716
793.5
769
733
377.5
247.25
199.25
201.25
197.5
189
261.75
500
274
160
288.75
519.75
510
550
591.5
647.25
752
814.5
799.25
455.75
224
224
310
341.75
192
217.5
224
191.75
172.25
236.75
423.25
585.5
322
256.25
253
206.5
190
200.5
211.25
186.75
395.5
562.5
552.5
631.25
632.75
625.5
615.25
612.5
612
609
620.75
610
620.5
618.25
614.5
609
617.25
604.75
601.5
605.25
600.75
585.75
574.25
562
556.75
549.5
540.25
383.25
381.25
368.25
348.5
319.25
321.25
492.75
599.75
680
705.25
705
710.75
694.25
609.5
501.75
331.75
310.5
355.75
382
394
392.5
389.5
396.5
375.25
354
438.5
737.25
616.25
577
601.5
498.5
494.75
236.75
179.25
311.75
257.25
282
214.25
247.25
415.75
392.25
189
191.25
175.5
249.75
294.5
172.25
177.75
199.5
198.75
218.25
193.25
434.75
518.25
713.5
713.5
748.75
805.75
773.75
446
315.25
204
208
315.25
281.25
215
316
772
714.25
336
374
455.5
477
535
568.5
645.5
770.5
856.75
601.5
237.75
219
244.75
449.5
609.5
267.75
189.5
204.25
189.25
184.25
254.25
398.25
602
350.25
288
243.25
200.5
195.5
209.5
183.5
233
503
561
575
633.5
626.5
628.5
613
612.5
609
607.75
610.25
610
606.75
611.75
611
608.5
608
596.75
588.5
594.5
580.75
570
555.5
537.75
531.75
519.75
526.75
391
391.25
373.25
356.5
314.5
310.75
483.5
600.75
675.75
707.5
713
720.75
696.5
613.75
502.75
351
320.75
363
394.5
413.5
409.75
408
414
399
285.25
251.5
524.25
654.5
778.5
600.5
279
208.75
165.5
310
271.75
244.75
250
264.75
331
405.5
445.75
178.5
192.75
192.75
186.5
323.25
187.5
172.75
194
160
162.5
260
419.75
629.25
643.75
725.75
791.25
776.5
529.25
465.25
444
342.75
229.5
434.75
328.75
301
484.25
823.5
806.25
556
436
431.25
468
509
564
662.75
809.5
835
456
424.5
351.75
340.25
490.25
631.75
316.5
181
183.25
176.5
170.75
276
381.75
639.5
337
320.75
227.75
195.25
202.5
218.5
186.5
293.5
549
548.25
600.25
629.5
623.75
624.75
608
606
605.25
601.75
609
611
606.75
612.75
607.5
603
588.25
591.25
583.75
577.5
561.25
553.25
533
518.25
525.75
571.5
638
397.5
391.25
372
357.5
314.5
309.5
483.75
600
672.25
711
716.5
717.75
702.75
622.25
506.25
363.5
339.25
376
408
428.75
431
436
278.25
226.25
383
511.25
678.5
753.75
698.5
286.5
252.5
194.75
352.75
383
220.75
244.75
306.75
326.5
390.25
369.75
497.5
255.5
192
181
173.75
201.25
216.75
183.5
194
152
172.5
475.5
558
670.25
722.75
788.75
766.75
515.25
483.5
498.5
559.5
525.25
402
421.25
508.5
557.5
711.75
773.75
737.25
590.25
505.75
503
477
515.25
543.5
665.5
845
803.75
454.25
489.75
504.25
544.75
677
548.5
274.5
230
212.75
193.25
210
280.5
349.75
663.75
351.5
322.5
224
191
185.5
219.5
189.25
384.5
555
550.25
625.25
621
619.25
614.75
607.25
600.5
609.25
633.25
608.25
608.25
616
607.5
600
595
585.75
578
567
554.5
553
533.5
537.75
595.75
653.75
694.25
732.25
409.25
404.5
367
343
311.25
303.5
480
602.75
673.75
708.5
721.5
728.25
711.75
633.75
515.25
362.5
341.25
389
414.75
440.25
440
479
206.25
437.5
609.25
556
569.75
475.25
237
188.75
369.5
393
322.25
284.5
163
311.25
287.25
291
372.5
458.5
472
395.5
209.25
175
177.25
184.5
181.25
202.25
165.25
137.5
343
458.75
698.5
692
768
783
485
459.5
526.5
548.5
568.75
570.75
553.25
534.25
468.75
458
532
507
613.5
658
588.25
492.5
509
513.75
538.75
647
832.5
827.5
656
578.25
533.75
495.5
440
301.75
286.5
319.5
221.5
185.5
218.25
282
328
670.75
383.5
322.75
210.75
197.75
194.75
218
263.75
484.25
541
570.75
633
619.75
616.75
609.5
603.75
598.75
603.5
619
605.25
602
609.75
607.5
593.25
579.25
567.5
554.25
547.25
538
547
592
663.25
714
741
744.75
753
399.75
382.75
353.25
334.25
301.75
287
471.5
597.25
674.75
709
720.75
730.25
714.75
636.5
524
362.25
329
378.75
410.5
437
431
485.75
553.5
603.75
543.75
354
292.75
319.25
176.5
192.75
217.75
478
498.5
421.75
224.25
233
279
381.75
340.75
413.25
498.5
387
219.5
180
192.25
182.5
194
190
152
185.75
522.75
558.25
675.5
731
795.5
482.75
396.75
495.25
552
591.75
595.75
598
588.75
579
566
550
573.5
597.5
635.75
619.75
601.75
512.25
537
514.5
516.25
635.25
816.75
851.5
695.25
612.25
550
527
488
393.75
399.75
353.75
233
175.25
208.25
266.75
316
679.75
420
286.5
204.25
187
221.75
190
284.25
536.25
525
601.25
628
613
614.75
605.25
601.25
606
604.25
593.75
599.75
600
601.25
592.75
585.25
570
561.75
548.75
535
551.75
646.5
718.25
754
761
757.5
754.75
751.75
369
358.25
330
321.5
269
255.75
457.75
593.25
666.5
709
723.5
728.75
716.5
634.25
525.75
361.25
332.5
374.5
408.75
436.75
434.25
449
546.75
487.5
388.25
311
357
229
185
290.5
356
398.75
306.5
336.75
163.5
207.5
311.5
274.75
495
388.5
366.75
394.25
192
184.25
182.5
172.5
199.5
195.75
165
420.5
451.5
675.25
737.5
796
529.5
351.5
453.5
509.75
550.25
601
621.5
649.75
648.5
652.25
640.25
644.5
670.75
674.75
668.25
653.75
590.5
544.75
551.75
517.5
515
623.5
796.25
857.25
742.75
659.75
613
566.25
522
481.5
456.75
391.75
245.75
193
227.25
259
289.75
685.5
449
272.75
205.5
172.75
206.75
176.25
359
541.5
543
615.25
621.5
620.25
605.25
604.5
600.75
603
603.5
595.25
597.75
592.5
588.75
585.75
573.5
567.5
553.5
525.5
552.5
678.75
760.25
779.5
771.5
763.25
755.75
754.25
757.25
365.5
343.75
327.5
308.75
257.75
266
445
588.25
668
706
715
725
709.75
637
521
362.5
326
372.75
397
428.75
463
514.25
522.5
600.5
507.5
476.5
279.75
243
263.25
358
449.25
387.5
410.5
213.25
158
207.75
362.5
369.5
374.75
438.5
525.25
363.5
302
216.5
196.75
173.75
187.75
178.5
244
515.5
561.5
722.25
776
615.5
264.25
402.25
473.75
507.75
550.25
594
621.75
657
668
695.5
688
688.5
683.25
682
689.75
643
588
565.5
545
520.75
503.75
588
778.75
869.25
747.5
688.25
618.75
573.25
539.25
511.25
484
415
248.75
194.75
234.75
253.25
252.75
676.5
493.5
226.5
198
182
204
195.5
457.25
542.25
565.75
630.25
620.25
613.5
606.5
610
602
605.25
603.25
593.5
591.75
585.75
582.5
570
562.25
548.75
537.5
551.25
681.25
764.25
787.75
787.75
768.75
760.75
752
758.75
765.75
354
323.75
320
291.75
257.75
253.25
454.75
591
668.5
704
713
725
709
633
522.25
353.5
323
361.5
430
504.75
539.75
537.5
513.5
361.5
269.25
289.5
238.75
255.25
328.25
362.75
442.5
492.25
262.75
200.25
177.75
177.25
209.75
309
361.5
328.75
168.5
432.5
467.5
244.5
185.25
183
179.75
172.25
442
470.5
677.25
765
741
211.25
292.25
431
483.5
511.25
544.5
587
614.25
650.75
683.5
704.25
698
707.25
704.25
703
687
644.75
601.5
583
557.5
527
514.25
571.5
763.25
870.25
761.75
664
637.25
580.5
537
515.5
497.25
424.25
242.25
208.5
246.75
253.5
226.25
655.25
562.75
208.25
183
189
186.75
237.25
517.75
541.75
596.5
631
622.25
613.25
611.25
605.75
603.5
596.25
602.25
588
582.75
580.25
576.25
576.25
551.25
533.75
538.5
659.75
755.25
779.25
781.25
780.25
774
763.75
762.5
776
788.75
316.75
306.75
304.5
289.5
250
248.25
446
587.25
668
703.75
714.25
718.5
705.5
627
522.25
361.5
326
372
416.25
434.25
463.25
457.75
349.5
362.75
352.75
323
239.5
378.5
283.25
431.25
455.75
277.5
247.75
188.75
193.75
189.25
200.5
221.75
239.25
253.25
149.25
439
511.75
304.25
167.25
158
166
232
522.75
576.25
759.5
770.25
328.75
190.75
320.75
451.75
489.75
508
535.25
574
598.75
630.75
678.75
701
713.25
722
691.75
692.5
672.25
631.75
595.5
586.25
562.5
525.75
516.25
565
740
878.25
772
659.25
635.75
593
550.75
523.5
506
395
229.5
204.75
230.75
263.75
198.75
635.75
581
207.75
175
225.5
185.5
304.75
548
554.75
629.25
627.5
611.25
616
611
600
596
593.75
588.5
585.5
587
577.25
578.25
564
542
517.75
609.5
739.75
779.5
771.5
772.75
778.25
774.5
775
788.5
802
810
298.25
299.5
287
271.5
237
244
438.25
590.25
660
694
697.75
704
693.75
631.75
527.5
351.75
323.25
379.5
400.75
423.75
448.5
404.75
494
427
358.5
359.5
401
282
230.25
325.25
435.25
306
232.25
195.5
213.75
194
189
201.5
239.75
222
180.75
425
457.5
528.25
189.25
140.75
146
423.5
463
703
793.75
553.75
171.5
214
318.5
448.5
486.5
521.25
535.25
568.75
591.25
610
642
674.5
701
710.75
691.25
683
655.5
617.75
572.75
559.5
547
507.75
512.25
565
692.75
867.5
786.75
657.5
626.5
600.25
556.5
523
494.25
356.75
205.75
200.25
233
253.75
173.5
635.75
596.25
287
160
236
198.75
407.75
551.75
578.25
666.25
623.5
618
615
607
603.75
593.25
585.75
586
580.5
573.75
572.75
568
553.75
525.25
550
707.75
770.5
776.5
770.5
771.5
777.25
786
804.5
815.5
815.5
812.75
300.25
303.5
291
270
225.25
233.25
442.25
587.75
655.25
695.25
687
705.25
690.5
621
524.75
347.5
302
474.75
383.25
470.25
563.5
503.75
258.75
345.25
489
395
247.75
315.5
294
381.5
482.5
390.25
221
235
214.5
167
174.75
199.25
289.5
238.75
264.5
508.25
437.25
453.25
411.25
139.75
193.75
508.5
528.75
806.25
755.25
195.5
175.75
242
312
425
480.25
518.5
531.5
559.25
591.5
613.75
632.25
656.75
687.75
684.75
682.75
673.75
650
607.5
546.75
534.5
531.25
501.75
496.25
543
674
851.25
820.5
645.75
621.25
587.5
550
524.75
487.75
308.25
182
227.5
250.5
254.25
162.5
579.25
578.5
365.75
168.75
211.75
204.5
495.75
550.75
605.5
640.5
626
621.25
613.5
607.5
601.25
593.75
584.5
580.5
574.5
574.75
563
561.25
547.25
523.5
641.5
759
777.25
770
769.5
772.5
793.75
812
830.75
827.75
809
806
304.5
306.5
288
256.75
218.5
215.25
435.75
582
660.75
689.5
688
698.25
691.25
624.25
523
337.5
296.25
437.25
505.75
524.5
474.75
391
281.25
479.25
370.75
330
248.75
362.25
381
454
495.5
425.25
223.5
222.5
200.5
152.75
174
265.5
405.25
251.5
398.25
594.75
611.25
230.75
297.25
112.25
371.25
476.75
669.75
806.25
321.25
144
186
274.75
303.25
423
485.5
510
524
548.75
580
603.5
620.5
638.25
647.5
664.5
667
656.75
643.5
594.75
544
521.5
517.5
496
488
530.25
648.75
818
871.5
633.75
609
586.75
550.75
520.75
456.5
257.25
185
221.25
275.5
252.5
156
522.25
608.75
397.5
165.5
182
268
542.25
550
625.25
633.75
618.75
604.5
614.5
608
604
599
586.25
588.5
579
572
555.75
554.5
532.75
566.25
724
778.5
772.5
769.75
772
791
822.5
827
831.75
827.75
815.5
813.75
310.75
300.5
295
249.75
203.25
196.5
425.5
580
658.75
693.5
700.5
705.25
697.75
631.5
522.75
347
299.5
353.25
442
467.5
508.75
390.25
294
356.75
386
308
334.5
398.25
300.25
377.25
545.5
324.5
242.25
186
193.25
188.75
175.75
296.25
305
451
426.75
322.5
361.5
165.25
164.75
211
475.5
515.5
763.25
503
141.5
154.25
203.75
313
314
407
473.25
511
524.75
541
566.5
589
605.5
612.25
622.25
642.75
650.25
645.25
617
576.75
511.25
492.25
532.5
505.5
487.5
528.5
629.25
790.75
890.5
642
603.25
591.25
543.25
510
416.75
189.75
186.25
229
280.75
247.25
150
461
612
471.25
179
159.75
369.75
566.25
563.5
637.25
625.5
613
606.5
605
600.5
608.25
594.5
591
591
579.75
574.5
559.75
546.5
530.25
657.5
770
781
772
772.25
790
819.75
832.75
823.75
821
824.75
825
824
318.75
309.25
285.75
248.25
203.25
190.5
424.75
578
664
695.5
698
707.75
702.25
636
524.75
347.25
330.5
482.5
456.75
431.5
460.25
315
320.75
372.25
390
308.25
261.5
428
226.25
405
499
330.75
332.5
212.25
233.5
198
159.25
277
432.5
337.25
472.25
280.25
173.75
154.25
201.5
587
542
532.75
654.5
339.75
149.75
163.25
218.25
353.5
305
414.25
479.25
506
516.5
540.75
567.25
575
600.5
605.25
621.5
629.25
637.25
637
605.75
567.75
461.75
508.25
551.75
560.75
525.25
507.25
611.75
780.25
880
624.75
590.75
572.5
528
495
327.5
168
191.25
227.5
282.25
240.5
159.75
374.75
638
532.75
195
155
468.5
583
584
630.75
617.75
611.75
598.75
599.75
595.75
600.25
595
593.75
592
577
580.75
555.5
529
566.5
722.25
784.75
778.5
774.75
781.75
811
827
827.5
816.25
817.5
826
828.25
824.5
321
311.5
292
259.25
227.75
229.75
446.75
580.25
660.25
687.25
692.25
706.5
705.5
638.5
529.75
400.25
372
375.5
393.25
432.75
456.75
302.5
323.25
432.25
374.25
217
393.5
350.75
222
410.75
437.75
444.5
423.5
196
211.5
266.75
145.5
203
217.5
263
378.25
191.5
158
139
398
694.5
712.5
714.25
438.75
161
153.25
176.75
217.75
360.5
327.25
418
476
503.5
512
538.5
558
572
597.25
602.25
606.5
621
630.5
629.75
612.5
570.75
483
526
449.25
383.25
466.25
481.75
543.25
726.75
777.75
598.5
587
568.5
524.25
455.75
204
173.75
204.75
232.5
270.75
231.75
179.25
307
653.25
527.75
222.25
202
528.25
581.5
610
628.25
615.75
607
597.75
602
597.5
600.25
587.5
589.25
584.25
574.75
568
552.25
525
620.75
754.75
784.75
775.75
777.5
805.5
818.5
819
822.75
827.5
826.5
831.75
830.75
825.75
311.5
311.75
298.75
271
261.5
292.5
491.75
604.5
659.75
691.75
693.75
706
703.25
644.5
535
365
305.5
360.5
397.25
434.5
417.25
333.75
333.5
396.25
315.5
209
467.75
290
293.5
400.25
423
539
414.75
198.75
200.75
286.75
261.5
147.5
185.5
432
267.5
203.75
205.5
204.75
513.5
666.75
730.5
532.25
148.25
172.5
176
183
224.5
400
353.25
430.5
471.5
496.5
515
532.25
555.25
578.5
590
593
603.25
620.5
624.25
628.75
620.75
590.25
530.75
500.25
463.5
443
442.5
421.5
495.75
667.75
698.75
617.75
578
553.5
519.5
345.25
191.75
181
206.5
257
272.5
237.5
197
233.5
644.75
544.25
242.25
313
570.5
581.75
619
625
609.75
600.25
600
595.75
601.75
596
590.25
581.5
576.5
575.75
565.75
549
535.25
669.75
774
784
782.5
796.25
822.75
825.5
824.75
829.25
838
836
836.25
831.25
825.25
308.75
301.25
301.5
267.75
288.5
352.5
522.5
614.25
660.5
676.5
682.25
703.5
712.5
641
539
368
307
358
391.5
455.25
440
226.25
313.5
293.5
203.75
409.25
278
323.75
310.75
406.75
405
501
477.5
296
185
333
558.5
143
209.5
323
230.75
369.75
474.75
548.75
426.75
518.75
682.75
176.5
163.25
256
209.25
174.25
234.75
431.5
351.5
445.25
478
498.5
513
521.25
540.75
568.25
579
583.5
594.5
614.75
618.5
629.25
626.5
608
586.5
553.75
518.5
538.5
553.75
565
725
753.5
675.75
609
577.5
539.75
487.75
223
190.25
186
220.75
292.75
294.25
240.75
203.25
189.5
627
541
292.5
389.25
582.75
588.25
629.5
618.5
614.75
600.5
601.5
594.25
592.25
598
588
581.5
578
569
563.25
538
551
712.5
778.5
782.25
792
814.5
830.25
825.5
824.25
831
838.5
836
835.75
826.75
833.5
298
320.25
299.75
271.25
274.25
388.75
537.75
620.5
659.25
676
689.5
706.5
710
648.5
546.25
369
310.25
359.25
390.5
455.75
543.25
230.25
301.5
295.25
417.5
301.25
203
294.5
313.75
401.25
451.5
386
507.75
464.25
237.25
308.25
412.75
225.75
220.75
244
493.75
557
687
446.25
439.5
695.75
320.75
201
212.75
235.75
232.75
196
242.75
434.75
370.25
448.5
489.75
504.75
509.25
529.25
552.25
562.5
566.75
574.25
596.75
614.75
619.25
630.5
626.5
612
601.75
589
569.5
619.25
740.5
664.25
780.25
764.75
666.25
594.25
566.5
532.75
379.5
200.5
190.75
190.75
247.75
311.25
288.75
243.75
231.5
170
572.5
548.25
328.25
485
579.75
595.75
625.75
616.5
611.5
599.75
603
592.75
592
588.75
584
585.75
581.25
566.25
560.75
528.75
577.5
733.5
780.25
782.25
803.5
827
829.5
822.5
822.75
833
834.25
837.75
837.75
838.75
842
287.75
288
290.75
253.25
267.25
389
544.25
623
661.25
679.25
684.5
710.5
708.5
649.75
541
372
299.25
347.75
399.5
536.5
454
261
301
460.75
255
244
212.5
279.25
282.5
306.25
410.25
320
461.5
531.75
304.5
409.25
281.25
175.25
236.75
469
612
707
610.75
374.5
503.25
411.5
168.25
193.75
190.5
205.75
257
194
198.25
420.75
386.5
442.25
481
505
512.5
523.5
546.75
559.75
558.25
563.25
574.75
597.5
602.5
603
615.75
595.25
594.5
593.75
602.5
677.75
811.5
711.25
799.25
771.25
655.25
580.25
562.75
519.5
231.25
195.5
189.75
189.25
256.25
315.75
281.75
257
207.75
156.5
492.5
560.5
388.5
531
577.25
609
617.5
613.5
604.5
594.75
593
590
589.5
579.25
579.25
576
579.25
566.25
560.75
530.75
599
754
781
794.5
824.75
831.25
826.5
825.75
825.75
832.75
831.25
841.5
839
840.25
843.5
279
274.75
273.25
254
285
369
525.75
614.75
659.5
680.75
692
704.5
713
652.75
545.5
364.75
295.25
350
499
437
464.5
263.75
385.5
381.75
203.75
275.5
267
259
315
272.5
347.75
277.25
410.5
484.5
487
362.5
174.25
326
413
464.25
641.75
717
400
408.25
505.25
160.25
230
212.25
196.75
213
279.25
200.25
184.25
394.25
379.75
423.75
477.75
507
513
525.5
546.5
563.5
556.75
552
558.5
570.5
580.75
582.5
590
580
584.25
601
622.25
707
826.75
734.25
806
772.25
639.5
563.25
553.75
411.5
181.5
201.75
191.75
205.5
254.25
315.5
283.75
243.75
214.75
159
454.75
566.75
431.25
550.5
579.5
616.75
615
613.75
608
592.75
593.5
588.5
590.5
586.25
580.75
579.25
577.75
564
539.75
519.25
619.25
763.75
787.25
813.5
832.25
829
828.5
832.5
827.5
828.5
837.25
846
844
841.75
845.25
245.5
269.5
272
256
276.25
360.5
530.75
622.75
664.5
686.75
692.75
713
714.75
656.75
543.75
365.25
293
443.75
431.25
413.5
439.75
234.5
323.5
324.5
228.5
265
259.25
303.75
365.25
327
312.5
354
256.5
404.25
521.75
280.75
266
482.75
699.25
712.5
752.5
459.75
394.5
579.75
203.25
161.25
327.75
195
191.75
217.75
289.5
214.25
185
367.5
366.75
390
466
505.75
518
518.75
540
547.25
562
548
555.25
552
534.5
547.25
559.5
565.75
567.5
584
586
582
628.75
692.5
629.75
626
551
525.75
547
257.25
179
211.5
197
211
269.5
317
295.5
264.5
231
152
398
561
484
569.75
576.25
619.25
618.75
610
599.5
593.25
585.25
598
587
592
576.5
579
572
559.75
546
513.5
632.75
768.25
805
828.75
837.5
828.75
832.75
835.5
832
839.25
842.5
850.5
847
844.5
845.25
233.5
247.75
265.25
245.5
282.75
368
539.5
627
674.75
696.5
706.75
715.75
711
652
537
358
364.25
473
359.25
515.25
435.75
214.25
260.5
266.5
249
276.5
223
292.25
471
404.5
357.75
284.75
385.75
397.75
377
356.5
543.25
530.75
756.5
822.5
523.75
405.5
550.5
349.75
177.25
176.25
251
186.25
188
231
261.5
234.5
176.25
351
347
355
450.75
500.5
514.75
507.75
523.5
540
563
570.75
573
442.25
375.25
407.75
446.25
455.75
457.25
428.5
408
426.25
481.75
499.5
386.5
444
446.25
558.25
440.25
186.75
186.75
201.75
193.5
227.5
261
301.75
308.75
223.75
263.5
165.25
337.75
559.5
546.25
584.75
584.75
622
623.25
604.75
604.5
596.5
588
590.75
585
590.25
579.25
574
574.75
565.5
538
509.25
655.5
780
825.5
842.25
838.75
835.5
831
831.5
834.25
844.25
846
850.5
851.25
848.5
851.5
228.5
242.75
256.25
249.5
312.5
395
543.25
626.75
679
702.75
706.75
720.75
712.25
643
533
417.25
507.25
340
419
543
387.25
253
232.75
200.25
231.75
277.75
281.5
299.25
540.5
356
394.5
402.5
369.5
398.5
306.75
363.5
562
523
804
717.75
400.25
488.25
546
187.5
202.75
177.25
214.75
209.25
202
234.5
240.25
259.5
186.75
323.5
331.75
340
430.25
481
497.5
497.25
513.5
533.5
548
584.25
578.25
537.75
500
465.5
455.5
472.25
507
519.75
544
565.5
624
650.5
553.75
542
561.5
551.25
244.25
186.25
202.75
189.5
199.5
245.5
237.25
312
310.25
235
295
178.75
285.75
586
579.25
594
593.5
624.75
615
606.25
606.5
600.25
599.25
588.5
581.75
590
580
579.75
576.5
559.75
535.5
514.5
680
802.25
841.5
845
839
836.25
836
839.5
842.25
847.5
849.25
851.5
849.5
845.75
845.75
225.75
243.25
253.25
234.5
318.75
392.5
534.5
622.5
669
702.75
710.75
720
708.5
660.25
556.5
517.5
312.25
330.25
522.5
441.75
358.25
275.75
372.25
176.5
192.75
324.5
303.5
327.25
567.25
258.25
368.75
421.5
361
274
394.5
518.25
585.5
505.5
724.75
453
539.75
630.25
235.5
202.75
211
180.75
183.75
215.5
185
228.25
243.75
267.75
193.5
276.5
327
294.75
399.5
452
474.25
484.75
495.5
510.25
530.75
569
580.25
579.25
536.5
503.25
500.5
498.5
512.25
578.75
648.25
673.5
671
689.5
558.75
574.5
575.5
381.5
174.75
183
207
170.5
200.5
214.25
242.75
325.75
320
241.5
305
188.25
272.25
617
589.75
600.25
600.5
623.75
621.75
615.25
607.75
605.5
605.25
596.25
594.25
587.75
578
583.75
576
559
525.5
514.25
699.75
828.5
852.75
843.25
840.25
842
843.5
846
847.5
854.5
850.75
843.5
839
832
830
215.75
222.5
226.75
225
322.25
380
523
617.5
664.25
708
713.5
719
716
661
578.5
351.25
278.5
432.75
497.5
434
282.5
347
333.25
193.75
249.75
298.25
331.25
466.5
470.25
401.75
378.25
297
446.5
440.75
449.25
584.75
581
525.75
666.5
563
696.25
297.25
211
208.75
226.25
213.25
207.25
207.5
216.5
234
241.5
273.25
205.25
295.25
309.75
270.25
361
425
444
466.25
488.5
509.25
524.5
547.75
558.75
573
551.75
529.5
505.75
499.5
500
516.5
545.25
570.25
546
540
578.5
585.5
500.75
229
188.25
195.25
202.25
202.75
212.75
216.75
256
305.25
318.5
275
302.5
201.25
269.25
623.5
601
609.5
608.5
619.75
616.75
607.25
616.5
607.25
603.5
597.5
595.25
588.5
580.25
574
566.5
555.75
522.5
506
721.5
847
860.25
848.25
846
846.75
858.25
856
855
852
831.75
825.25
817
815
817.25
206
211.75
206.25
226.25
357
362.75
506.25
596.75
656.75
710.25
712.5
719.25
714.5
646.5
536.25
346
272.25
522
399.25
400.5
220.5
408.75
273
182.25
300.5
239.25
248
565
444.5
443.5
474
328.25
345.25
529.75
454
428.5
495.75
577
691.5
714.25
369.5
208
207.75
215
229.5
195.25
209.75
198.75
223.75
238.5
238.25
250.25
212.75
262.5
297
252.75
310.5
386.5
411.25
436.25
467.25
492.75
515
531.75
550.25
565.25
554.25
537.5
525
518
513
492.25
485.25
498.75
528.25
596
576.5
557.75
314.75
193
173
191
205.75
241.25
210.25
209.5
293.5
312
326.5
264.75
300.5
224.5
261.75
626
604.75
599
610.5
620.25
616.5
613.5
613
613.5
618.75
610.5
598.25
595.25
580.5
572
564.75
546.5
508.25
489.25
728.5
862.25
864
852.5
850.25
854.25
864
859.75
842.25
831
822.75
825.5
828.75
831.25
837
204
196.5
191.5
250.5
409
407.25
508
579
650
700
707
712.5
712
653.25
547.75
354.5
271.25
487
398.75
333.25
266.75
352.25
213
168.25
307.5
235.5
212.25
579
493.25
419.75
550.75
430.5
402
416
451.25
375
467.75
615.25
790.25
502.75
192
203.75
196
209.5
226
199.75
214.5
206.75
204.5
222.75
232.5
242.5
229
218.5
257
244.25
281
332
384.5
422
453.25
495.25
508.5
531.75
547.75
549
552.75
552.25
556.25
555
589
612
630.25
616.5
619.75
604.5
571.5
436.5
236.5
185
180.5
198.25
221
235
208.25
193
298.25
316
328.75
278.25
301.75
229.25
242.25
632.5
627
584.75
616
622.75
620
608
613
605.75
609.5
607
595.5
593
579.75
570.5
561.5
539
496.75
482
741.25
864.75
871.75
858.5
858.75
855.75
856.5
847
837.75
839.25
842.25
838
837.75
837.25
835.75
192.5
200.75
200
288.75
409
411.25
514.25
579.75
651
698
702.75
707.5
707.25
645.25
541
367.5
278.25
399.75
421.75
310.25
329.5
331.75
207.75
165.5
325
196.5
240.75
464.25
399.75
443.25
510
471.75
401.25
323.75
498.25
490
363.25
511
624.75
220.75
193.5
209.5
205.5
209.5
236.75
190.25
219.5
199.25
206.75
189.5
221.25
225.25
231.5
204.5
242.75
237
258.75
248.5
316
373.75
419
466.25
512.5
527.75
542.25
553.75
567
576.25
609.5
617.25
627.25
670.75
677.5
657
637
604
587.25
267.25
229.5
179.5
187.75
214.5
236.25
231.5
225.75
196.5
327.75
326.5
341.5
279.75
313.5
254
235.5
635
639
582.25
622.5
625.75
619.5
612.75
607.25
603
603.75
609
597.25
594.5
574
562.75
556.75
535.5
494.75
488.25
771.5
874
871.25
856.25
848.75
844.25
847.5
850.75
848.5
846.25
839.5
831.5
827.75
825.5
820.25
200
183.75
195.5
292.75
389.75
403.75
515.5
579.25
655
702
700.25
707
707.75
651.5
541.25
356.75
281.75
375.75
383.25
253
248
368.25
222
190
303
203.75
248.75
452.25
335.5
243.5
421
532.75
481.75
421.5
514.25
540
365.5
397
376
261.75
203.5
220
203.25
228.75
242.75
188.25
228
193.75
216.5
187.75
198.75
228
221.25
217
233.5
251
243.5
252.25
200.75
272.25
351.5
412
483.75
510
533.25
554.75
580
591
622.75
669.75
659.5
668.5
659.25
682.5
658.75
595
534
182
236.25
204
202.25
218.5
249
200.75
224.5
205
344
340.75
345
302.75
298
278
222
645.5
636
583.5
619.5
626.25
611.75
596.75
602
597.25
595.5
599
595.5
590
567.5
557.75
550.75
527
492.25
515.25
807
882.5
867
842.5
843
847.75
855.75
854.5
843
831.75
823
817.75
817.75
809.25
781
195
184.25
189.25
245
361
425.75
525.5
587.5
656.75
695
698
708.25
708.5
656.25
545.5
345.5
265
382.25
294
203.25
265
359.75
217
236.5
277
194.25
183.5
491.5
434.5
254.5
339.25
429.75
495
533.25
488.75
567.5
435
375.75
275
213.25
201.5
213
200.25
230
262.25
190.25
239.5
198.5
219.75
204.75
199.75
209.5
228
230.25
228.25
243.5
229.25
289.5
212.25
191.25
245.75
333.25
412.75
447.5
496.5
520.75
553.75
576.25
594.5
628
660.75
678
656.25
657.75
628.5
579.5
457.25
179.5
231.25
226.75
221.75
223.5
265
219
209.25
210.25
361.5
342
336
314.75
317.5
295
229
636.25
631
571
576.75
596.75
594
597
597.5
598
592.75
596
588.25
575.25
561.25
550
544.5
518.75
480.75
560.5
829
883.75
861
840.5
847.25
849.75
857
846.75
831.25
822
814.25
785
712.25
576.75
408
193
180
177.75
208.25
341.25
390.75
505.5
597.5
657.25
691.5
691
703.5
706
645.75
525.5
321.5
360.25
540.5
439
178.5
304.5
265.25
244.25
253
229.75
190.75
180.5
458
527.5
331
291.75
405.5
438.75
445.25
459
591
549.25
575
474.25
198.75
198.75
206.25
206.75
260
281.25
177
250.75
200.75
200.75
210.25
199.5
188.75
212.25
238
242.25
254.5
226.75
273.25
296.25
238.75
255
282
308.75
357.5
403
452.25
495
535.25
573
597
628
656
625.25
614.75
571
542.25
399.5
197.75
213.5
225.75
225.25
219.5
253.25
217.25
204.25
228.25
354.5
361.25
346
321.75
334.5
293.5
265.5
641.5
610.5
503.75
483
525.25
541
559.5
568.25
584.25
589
593.75
582.25
580.25
563.75
550
535.5
506.25
468.25
635.75
846.5
873.75
850.75
842.75
843.75
841.5
839.75
831.75
813.25
777.25
680.75
494.25
282.5
174.75
179.25
207
174.5
165.5
197.25
310.5
333.5
477
587
655.5
692.75
690.5
691.25
696
632.5
503.25
476
654.75
330.75
441.75
191.5
257
276.5
252.75
252.75
230.25
187
179.5
422.5
517
442.25
294
261.75
398.5
462.5
424.25
535.75
535.75
316.5
540
504
192.75
183
197.5
262
285.25
164.5
252.75
194.5
193.75
213.5
195.25
192.25
202.5
226.75
228.75
237.25
211.75
233.25
305
339.75
422.75
470.75
512.25
528.25
556.75
543.5
554
565
603.5
622.25
619.25
634.75
645
660.25
680.5
721
666.5
483.75
296.25
223
217.25
214.25
229.25
202.75
209.75
224.75
336
358
358
320
334.75
288
300
638
572.5
456
439.25
456
473.25
491
490.75
510.25
529
558
573.25
565.5
557.75
546.5
522
490.75
464.75
716.25
859.75
853.5
835
834
837
829.25
825
807
736.5
608.75
323.75
179
169.25
195.25
255.25
244
210
183.5
188
271.25
289.75
450.5
567.5
649.5
685.25
684
690
692.25
629.25
616.25
611.25
313.25
266.5
358.5
162.25
227.5
318
239.5
238.75
290.75
258.5
203.75
344.5
491
497
364
245.5
460.75
561.5
353.5
402
494.25
389.75
346.25
597.5
505.5
195.25
207.75
274.75
284.75
183.75
272.5
205.75
205.5
205.75
205.5
197.5
210
212.5
239.5
231.75
213.25
214.5
319.25
392.5
476.75
510.75
502.25
510.75
527.75
536.25
547.75
562
586
592
583.25
580
587.25
633.5
694.5
752.25
786
796
774.5
579
335
221.25
215
196.5
195.25
240.75
357
359
345.5
307
338.25
305.5
326.25
642.5
538.5
485.75
495
466.25
456.5
447.75
448.5
439
448.5
463.5
486.75
499.75
512.75
517.5
507.5
482.25
470.75
750
850.25
831.25
823.5
832.5
832.25
830
798.5
757.25
656.5
389.75
190
184.25
234.75
308.75
315
345.25
272
220.75
225.75
244.75
226.25
364
535.25
644.25
681.75
680.75
682.5
700.75
698.75
629
331
316
476.75
248.25
161.5
174.25
300.25
251.5
182.5
266.75
358.5
263.5
228.25
369.25
450.75
384.5
443.5
563.5
386.25
360.75
406.75
445.75
391.25
528.75
554.75
402
406.5
194
249.5
255.25
179
287.5
196.75
197
192.75
218.75
199.25
196.25
202.5
243
234
224.5
205.75
305
408.25
478.25
492
499.25
499.5
515.25
544.75
545.25
556
569.5
560.5
562
570.25
591.75
650.75
703
756
784.25
796
803.75
808
796
611.75
302.25
168.25
153.5
210.25
328.25
349.5
330.75
300
325.25
278.75
343.25
633.25
536
537.25
537.5
530.75
505.5
483.75
453.75
430.5
414
402
409.25
427.75
414
426
442.5
416.75
423.75
737
833.75
816
823
830.5
831.25
827.25
775
636.5
332
196.75
213
252
304.25
331
345.5
505.5
410.75
315.75
290.75
242.75
201
326.75
517.25
638.5
676.5
683.75
682
710
662
539.75
370.75
493
448.5
167.25
164.25
168.25
223.5
391.25
138
217
432.75
333
256.5
179.25
433.75
466.25
378
469.5
301.25
427
422.75
469.25
465.25
493.5
520.25
277.5
466.5
271.75
244.25
240.25
162.25
285.5
200.25
197.5
188.5
224.25
223.75
196
211.5
226.5
265.25
241
208.25
275.5
399.75
453.5
481.75
492
509
511.5
537.25
545
557.25
557.25
557.5
565.5
580
614
667.25
718.25
752.75
764.25
772.75
790.5
805.75
812
828.25
801.75
487.75
174.75
207
298.25
339.25
309.75
281.75
302.25
276
376
612.75
558.75
571.75
558.5
560
538
528
515
485.25
461.5
433
402
386
362.5
396.5
463.25
394
334.25
708.75
827
819.25
836
830.75
823.25
772.75
649
351.5
198.75
282.5
294.75
306.5
337.75
339.5
345
557.25
538.5
449.75
371
289
184.75
315.5
518.75
640.5
675.5
679
687.25
691.25
643.5
534.25
607
476.75
255.75
171.25
161.25
149.25
331.25
454
314
408
361.5
310.75
234
291
318.5
328
445.5
292.75
310.75
355.75
473.5
492.75
552.75
507.5
341.75
415.75
273.5
465
234.5
216.75
181.5
298
217.5
211
199.5
216.75
246.25
214
201.75
238.5
260
284.75
218.25
278
393.75
462
473
502.75
501.5
510
548.75
566.75
563.25
551.5
543.25
572.25
595
632.5
675
711
745.75
749.5
763.75
770.25
792.5
809.5
823.75
832.5
839.5
621
229.75
228.5
314.25
288
275.25
301.75
246.25
422.5
588.75
575
586
581.25
573.25
557.5
552
543.75
526.5
505.75
487.75
456.75
438.5
388.5
439
518.75
409.25
369
744.25
836.25
836.5
848
835.75
814.25
620.5
291.5
193
310
323.5
313.75
352.5
376.25
348.5
335.25
571.5
597.75
554
462.75
324.25
191.5
309.75
519
647
693.5
690.25
689
699.25
640
605
721.5
376
245.25
184.75
181.5
180.5
246.75
202.75
327.25
301.5
258.5
257.5
334
363.5
174.25
454.25
236
266.5
274
378
394.75
508.25
532.75
589.25
315.25
441.25
385
476.75
274.5
184.5
177
282.25
218
210.5
207.25
215
254.5
207
206
260.5
276.25
361.5
215.75
257.75
392.75
461.75
497
480.75
493.75
549.75
545.75
556.25
559.75
555
556.5
578.75
615.25
641
664.25
692.75
718.5
731
746.5
760.75
780
794
815
829.5
842.25
852
655.5
236
276.5
243.75
278.5
295.5
223.75
451.25
580.75
574
593.5
578.75
576
573.75
568.75
553.25
541.75
537.5
510.25
501.25
487
453.5
475.75
521
431.5
502.25
797.75
845.75
848.5
848
820
754.75
443.75
184.5
310.75
361.25
344.75
346.5
401.75
394
353.25
364
534.25
597.5
601.5
562.75
406.5
204.25
307.5
520.25
645.25
702.75
697.75
696.75
700
642.25
621.25
614.5
491.25
154
175
215.75
213.5
272.75
222.5
252.75
207.25
293.25
235
178.75
225
194.75
361.5
285
258.75
292.5
342
389
436.5
544.5
499.75
498.25
391
551.5
308
455
187.25
191
290.25
241.5
214.25
209.75
223
264
221.5
212.75
281
292.5
421.25
268.25
231.25
404.75
478.5
463.75
486.5
534.25
549.5
552.5
558
561
558
566.25
595
621.75
642.5
660
674
697.25
708.25
727.25
740.5
765.75
785.75
807.75
824.5
838.25
851.25
859.5
600.25
217.5
192.5
264.25
264
222.25
499.5
558.75
579.25
594.75
581.5
570
570.5
568.25
560.75
551.5
542.75
530.5
517.75
504.5
484
491.5
527.75
480.75
625.75
829
847.25
852.5
849.25
797
644.5
329.25
271.75
369.75
362.75
367.5
408.75
444.25
393.75
352.75
390.25
455.5
575.75
650.25
623.5
478.75
215
297.25
527.25
649.25
708.75
702.5
708.25
706.25
644.25
618.25
551.25
266
164.25
171.5
182.25
223.75
228.75
221
186
195
396.25
251.75
193.75
223.25
272.25
216.5
363.25
258.25
301
296
388
424
488.75
527.75
579
470.75
307
458.75
578.75
151
160.25
270
237.5
204
192.25
206.25
256
211
180.75
257
317.25
462.75
318.25
211.5
384.25
444.5
501.25
527.5
528.75
547
557.5
554.5
554.5
561
570.75
590
605.5
635.25
643.25
660.75
689
695.75
713.75
733.25
755.5
775
796.25
815.75
831.25
845.5
862.5
867.5
449.5
177.5
233.25
224
192.25
543
547
583
584
582.25
575.5
578
568.25
567
556.75
551
537.75
525
509.75
505
520.75
547.5
515.25
712
851
850.75
851.75
840.25
762.25
492.75
295.25
357.25
367.25
378.25
403.75
447
412.75
377.25
382.75
407.75
331
565.25
665.5
651.25
531
232
267
532
653
705.25
706.5
710
703.75
648.5
573.25
568.25
335
153.75
176.25
186.5
281.25
185.5
208
195.5
223.25
430.5
225
209.5
159
313.5
211.75
306
338.5
332.5
381.25
313.75
409
414.5
484.25
607.25
506.25
169.75
413.25
648.75
164.75
145.75
260.5
254.5
200
183.5
201.5
278
210.75
201.5
228.75
359.75
467.75
341.25
186.5
364.25
474
519.5
527.5
531.5
538.75
555
560.75
563
562.5
571
592.5
604.5
623.25
641.5
656.25
670.25
689.5
708.5
729.25
752.75
769
793.25
811
825.5
837.25
854
882
802.25
221.5
216.5
200.25
176.25
569.25
542.25
591.75
584.5
578.75
572.5
574
560.75
556.75
551.5
552
543.25
528.25
515.25
500.25
507.25
579
620.25
771.25
855.75
852.5
851.25
828.75
693.75
363
331
363.75
376.5
408
441.25
413
358.25
381
407.75
409
241.75
542.5
673.75
668.5
559.5
215.75
235.25
528
646
709.75
704
705.25
712.25
661.75
565.25
488.5
301.5
180
171.5
220.25
217.75
182
194.75
177.75
245.5
439.25
194.75
261.75
155
192
322.25
328.5
250.5
335
415
404
329.75
380.25
583.75
580
368
234.75
423.25
726.75
170.75
143
265
291.75
198.25
191.25
206.25
247
192
205.75
234.5
396
430
355
197.75
380.25
481.25
515.25
508.5
539
536
550.75
558.25
560.75
563.5
587.5
589.75
597
614.5
631.5
645
667.5
689
702.75
720.75
744.25
758.75
791.25
809.25
828.25
841
850
873
882
497.75
175.75
163.75
187
608
548.5
597.75
586
581.25
575.25
574.75
562.5
556
539.25
543
534.5
520.75
498.25
488.5
573
701.25
762
824.25
858.75
855.5
843.5
798
562.25
351.75
374
368
404.75
435
435
373.5
357
398.75
406.25
405.75
222.75
503.75
665
675.5
546.5
201
236.5
523.5
651.75
712.25
708.25
712
718.5
667.5
575.25
539.25
298.5
198
191.5
225.25
197.25
175.25
200.25
185.25
348.25
429.5
155.5
274.75
194.5
200.5
227.25
202.25
248.5
310.75
395
393
323.25
366.5
567.25
546.25
482
190.25
368
628.5
158
167.75
290.75
300.25
212.75
204
203.25
249.5
182.25
201.75
278.75
402.5
431.25
400
203.75
385.25
490.75
519.75
520
545.5
548.75
552.25
543.5
553.75
561
569.75
580
591.5
614.5
625
636.5
662.25
678.25
694
721.25
739.25
754.25
784
808
826.75
836.5
846.5
863.5
881
788.75
182.5
143.75
230
591.75
568.25
593
594
580.75
584.25
568
565.25
551.25
532
537
524.5
507.25
494
532.5
728.5
801.25
803.5
844
864.25
858
836.25
717
432.75
366
363.75
397.5
430.5
455.75
401.75
360
385.25
410.25
391.5
419
172.5
479
646.75
680.5
559
210.5
224
517.75
655.25
712
710
711.75
717.5
665.25
573.75
523.5
203.75
204.25
223.25
185.5
178
177
171.75
178.75
482
391
168.75
206
233
208.5
197.5
198.75
191.5
280.5
344.5
448
263.5
331.25
567.75
577.25
447.25
421.5
509.25
509.5
401
177
275
266.75
217
220.75
200
212.25
216.5
223.25
331.25
458.75
490
415
222
396.5
494.75
525.5
535.5
545.75
545.75
543.25
546.75
543.5
555
574
577.5
584.75
604
618.5
637
651.75
662
692.75
707.75
734.25
751.5
781.25
805.5
825
838.25
843.25
858.25
869.75
879.25
365
125
288
571.5
583.5
592.25
583.75
576.5
582.25
566.75
553.25
550.75
533.25
530.25
508
508.25
492.25
629.5
833.75
855.25
821.75
847.5
866
855.75
800.25
592.25
388.25
366.75
364.75
410
450.75
446.5
377
361.75
407.25
414
399.75
394.25
163.25
440.75
655
687
573
238.75
212.75
513.25
654.25
713
708
717.5
717.5
669
579.75
451.75
213
232.75
181.25
181.5
179.25
181.25
175.5
383
353.5
306.5
170.25
194.75
271.75
190
153.75
220
188.5
264.75
255.75
463.5
342
427
552
540.75
503.75
516.75
627.25
334.75
246.5
226.25
227.25
237.5
226.5
229.25
219.5
200.25
212.25
278.25
426.75
494.5
488.25
383
258.25
402.25
494.75
517.5
539.75
549
550.5
548.75
543.75
553
553.25
563.75
575.5
585.75
594
623
630.25
642.75
658
686.25
703.5
727
752
776.25
795.75
819
828.75
839
849.25
862.5
879.5
594
118.75
341
559.25
591.75
581.75
580
574
574
558.25
557.75
552.5
530
529.75
507.5
490
486.75
700.25
858.25
855.25
832
857
863
841.25
728
494.75
405
376.25
373.75
425.5
452
405
370.5
389.75
420.5
404.25
391
351
152.25
437.25
639.5
683
581.5
286
212.5
503.5
654.25
706.5
695.5
689
694.5
649.5
583.75
478.5
238.25
200.75
181
180.5
194
212.25
278.5
203.75
312.25
326
189.5
205
257.75
178
176.5
228.5
196.5
307
208.5
243.75
437
522.5
538.25
435.5
386.5
519
574.5
468.5
390.5
291.5
228.5
236
275.25
223.5
223.5
192.25
233.5
309.25
458.75
499.25
494.75
354
271.75
419.75
507
527
532.25
553.25
565.5
548
545.75
537
549
554.75
564.25
575.25
587.5
610.5
625
639
652.5
671.25
690
721
752.5
767.5
792.75
814.75
823.5
834
848
858.5
870
792.5
138.25
370
562.25
587
587.25
571.5
566.75
562.75
556
555.75
551.75
536.5
527.25
509.5
498
511.75
736.25
855
829.25
825.5
864
861
807
617
476.75
421.5
390.75
394
426.75
444.25
391.25
368.5
401.25
414
392.25
358.75
329.75
148.25
390.25
638.25
687
608.5
293
213
494
654.75
707
703.25
700.5
707.25
661.5
586.5
499.5
237
187.75
189.25
180
199.5
199.75
204.25
209
267.5
300.5
200.5
232.75
205.5
204.25
185.5
212.5
209.75
354.75
204.5
175.5
377.25
482.75
502.5
464
312.25
198.75
251
261
267.5
396.75
429
434.25
316.25
220.25
217
197
270.75
366.5
483.75
503.25
506.25
327.5
313.75
446
517
532.75
537
554
560
551.75
549
533.25
539.75
548.5
567
569
593
605.75
614.75
630
641
667
678.5
714
736
767
785
802.5
820.5
829.25
843.25
853.75
861.75
859.25
278.25
416.5
569
577.5
595.5
573.5
569.75
562.25
554
554.75
557.5
541.75
531.5
502.75
504.5
528.5
761
852.75
818.75
822.5
868.5
848.5
741.5
524
466.75
423.5
393.25
395
426.25
405
356.25
372
416
394.25
379.25
351
363.5
151.5
342.5
611.75
684
613.75
313.25
228
492.5
646
702.25
708.75
711.25
713.5
669.75
587.75
484.5
207.75
211
176.25
172.5
194.25
200.5
252.25
191.75
244.25
251.5
222.5
188.25
213
234.75
162.5
215.25
203
333.75
230.75
330.25
364.25
442.25
461.75
432.5
527.5
240.25
289.5
195.25
195.75
241.25
232.75
234.25
318.5
233.75
186.25
214.5
319.25
406.25
490.5
510.75
499.75
277
371.25
482.25
526
541.5
551
556.75
558.75
568.5
547.5
540
542
551.75
556.75
567.5
581
595
616.25
625.25
642.5
659
675.5
694.5
731.5
761.25
778
797
817.25
825.25
837
849.75
853
863.75
465.75
441.5
577.5
586.5
586.75
570
572
567.75
561.25
556.25
556.25
542.5
524.5
512.5
521.75
532
700.75
817.25
806
826.25
869.75
828.25
672.75
484.25
454.5
429.25
384.5
383
399.25
337.5
364.75
408.5
409.75
378.5
382.75
362.75
382
144.75
305.25
594.5
678.25
614.5
360.75
241.75
482
639
703.5
704.25
705.25
709
662
596.75
546.75
262.25
197
163.5
178
248.5
301.5
204
180.25
241.75
235.5
208
224.5
202.25
249.75
182.25
224
274.25
251
349.25
228.5
477.75
466.5
472.75
311
398.5
469.75
355.5
265
217
206.75
224.5
227
203
212.75
183.5
254.25
346.75
439
487.5
504.25
457
254.25
390.5
503.25
538.5
557.25
557.25
564.75
558
555.75
549
545.75
545
544.75
551.5
564.5
584
595.75
607
618.25
633.5
650
663
685.5
716.75
749.75
770.5
793
805.5
822.5
834
845.5
848.75
857.25
690.5
480.5
562
541.5
565
569.5
575.75
580.5
572
567.75
561.75
545.5
533.25
528.25
539.5
549.25
575
670.75
726.75
833.25
865.25
811.75
617.75
458.25
429.75
397.5
368.25
393.5
353.5
312
408.5
411
382.75
357.5
377
378.75
365.25
145.5
266.75
571
662.5
619.25
408
252.25
472.75
635.25
698
698.75
704
708
665.5
576.5
562.5
310
204.25
174
238.25
244.25
196.75
187
191.5
250.5
244.25
229.5
247.5
226.75
230.5
200.5
219.75
292.75
190.25
348.75
279
232.25
295
461.5
286
273.75
489.25
619.25
256.25
209.25
177.5
225.25
195
192
186.5
193.5
285
401.25
459.25
498
491.5
369.25
280.5
436.25
526
542.5
552
562.25
570
572.5
557.75
559
549.5
540.5
548.5
552.5
566.25
577.25
591.75
598.5
608.5
622.25
633.25
653.25
682.75
709.25
735
764
784
800.75
820.25
837.5
845
849.25
853.75
833.5
547
493.75
428.5
460
498.5
529.25
562.5
574.5
578
571
560
549
558.25
580
581.25
556.25
543.25
686.25
854.25
864
776.5
556.25
448.25
407.25
367.5
384
364.25
315
360.5
416.25
395
359
362.5
380.75
376.5
307.25
141
264.75
556.75
668
637.25
411
263.5
462
625.75
692.5
700.75
705.25
711
666
573
503.5
312
221.5
171
203.25
200.5
183.75
197.75
235.75
243
212.5
283.5
223.25
181
207.75
166.75
251.75
206.5
220.5
392.25
430.75
249.75
182.5
276.5
313.5
309.25
378
431
175.5
208.25
178.75
198
184.25
161.25
195
241.75
326
435.5
466
493.75
479.25
265.5
329
500.25
535.25
543.5
552
560
570.25
572
566.25
566
557
545.5
544.75
552.25
563.5
577.25
594.5
596
610.5
613.5
637.75
653.5
673.75
687.25
726
754.5
773.5
796.5
816
835.25
845.5
851
856.75
864
616.75
353
322.5
331.75
375.75
418.75
458.5
498.25
518.5
535.5
544.5
561.75
580.5
612.5
576
538
559
744
866
847
710.75
495
409
344
352.5
384.75
306.25
328
408
388.75
379.75
358.25
402.75
378.5
337.25
247.5
136.25
216.75
559
692.5
669.75
470.5
244.5
448
613.5
683.5
697.25
704.5
712.5
676
589.75
465.5
329
236.5
183.75
208.25
178.75
180.75
236.5
213
246.75
207.5
254.5
242.25
192.25
172.75
195.25
191.25
260.75
301.25
400.25
516.75
367.5
262.5
246
261.5
408.5
277.25
298.25
189.25
169.75
193.75
181
174
164.75
216.75
300.25
390.5
468.25
463.75
478
373.5
226.75
405.75
525
535
537.75
554.5
566.5
575
558.75
568.75
560.25
558.5
543.75
541
544
553.75
569
579
591.25
598.25
616.5
627
646
669.75
682.75
707.75
745.5
764
791.75
811.75
829.5
843.5
848.75
861
869.5
672.5
314.75
329.25
299.75
302.25
319.25
339.75
348.75
371
405.75
434.5
501.75
578
628.75
583.25
554.75
592
811
872.25
805
599.75
422.5
330.25
310.25
368.5
344
303.5
393
396
375.25
367.25
384
409.75
373.75
289.25
217.75
135.5
195
552.75
691
684
530.5
257.25
439.75
615
680.75
698.25
703.5
718.75
680
575.75
415.5
349.25
224
197.75
174.25
168.5
221.5
243.75
185.5
251.25
201.5
252.75
254.75
233
176.25
203
217.5
190.5
180.25
311.5
446
533.5
414.75
394.25
420.75
264.25
177
198.75
211.75
177.25
178.5
166.5
164.25
179
244.75
346
438
471.25
471.75
436.5
199
305.25
485.25
536.25
538.25
544.5
552.75
559
564.75
561.75
571.25
563.75
556
552.75
542.5
540.5
550
555.5
575.75
580.5
595
601.75
619.5
634.75
657
671.75
702
731.25
755.25
787
802.25
824.25
836
845.25
854.25
866.75
797.25
326.5
368.75
374
351.5
330
302
267.5
250.5
242.5
238
312.5
436.75
546.75
701.75
651.75
672.25
839.75
856
723.25
478.25
310.25
245.25
317.5
323.75
323
377.25
409.75
358.25
365.75
362.75
397.5
394.5
352.75
253
215.5
248.25
265.5
535.75
701
710.75
565
280.5
444.75
610.75
682.25
701
697.75
721.75
685.75
542
441.75
294
192
195.5
185.25
207.75
210.75
215.25
188
227.5
212.5
253.25
232.75
222.5
218
176.5
179.25
223
208
182.5
325.25
549
506.75
411.5
378.75
390.5
162.5
203.75
172
183
173
164.25
163.25
203.5
296.25
394.75
454
467.75
465
258.75
216.25
430.25
519.75
542
544.5
547.5
550.25
553.75
557.5
569
574.75
567.25
561.5
557
544.25
543
554
547.75
563.5
571
591
604.5
614.75
627
642.5
664
701.5
715
742.75
775.5
791.25
815.5
830.25
839.75
851.5
861.5
857.25
436
380.75
415.5
404.75
379.25
348.5
303
257.5
204.25
171
164.75
272.5
662.5
797.25
676
723.25
849
823.25
611.5
331.75
246.25
280.75
322
288.25
362
418
384.25
345.5
336.75
373.5
419
388.75
305.25
233.5
209.25
342.75
364
520.75
696
723.75
589
330.75
440.5
609
686.5
703.75
701.75
731.75
686.25
524.25
461
318
177
204
234.5
201.5
183.25
201.5
200.25
210.75
244
228
257
239
183
176
192.25
197.25
264
211.75
178.25
349.25
522.75
532.25
380.75
456.75
191
186
172.75
168
157.75
160
179.25
277.5
340.25
443.5
466.5
470.25
292.75
198.25
356.5
504.25
530.25
536.25
542.75
558.75
550.75
557
558
567
571.25
571.25
570.25
556.75
553.25
549.75
549
554.75
552.25
564.75
580.25
586.5
610.25
620.75
633.25
657.75
681
702.5
733.5
767.75
787.75
807.75
824
833
846
854
864.5
582.25
360.75
415.75
425.25
412.75
386.25
351.25
311.5
254.5
193.5
158
262
729
807.5
658
774
827
709.25
360.5
232
250.5
297
287.25
330.5
414.25
394.25
329.25
321.75
337.5
401.25
437.25
373
312.75
257.5
236.75
373.75
427.75
557.5
692
724.5
623
365.5
439.75
607.25
687.25
707.75
709
729.5
691.75
489.75
459.75
301.5
193.25
186
187.75
190.75
180.75
219.5
210
192.25
188.25
239.25
236.75
236.25
235.25
189.5
209.75
237.75
234.25
244
258.75
267.25
313.25
420.75
497.75
250
193.5
180
182.25
172.75
145
181.25
235.5
309.25
395.25
469.75
449.75
270
176.25
337
478.5
509.75
526
541.75
546.75
555.25
550.75
555.75
555.25
560.25
575.25
562.75
575
561.25
561.25
550
550.5
558.5
563
557.5
578
584.25
595
611.75
635
652.75
656.5
693.75
720
750.25
772
800.25
820
831.5
845.5
845
857.5
737.75
336.5
395.75
430.5
423.75
395.75
379.5
343.25
301.75
259.5
220.75
294
670.25
807.25
775.5
752
676
404.75
219
221.5
275.25
274
317
392.75
400.25
334
301.25
314.5
369.5
439
412.25
358.5
311.5
246.25
265.75
418
462.75
544.75
683.75
703
616.25
387.5
439.75
602
684
700.5
713.5
730.25
689.25
485
458.5
263.5
188.25
197.5
206.75
204.25
199
220
206
179.25
216.5
311.25
237.5
285
297.75
180.75
201
328.75
234.5
287
248.5
296.75
383
430.5
274.25
295.25
179
178.75
179
157.5
149.25
200.75
302.25
371.75
392.5
323
197
234.25
375.5
452
495.5
515.75
529.5
541
546.25
551
554.5
560.25
557
564
572.5
570.5
574.25
571
564.75
564
561.25
559.75
553.5
551
568.75
581
584.5
607
624.25
643.5
664.25
670.75
697.25
732.5
757.25
785.75
809.5
825.5
841.75
846.75
856.25
837.25
376.25
377
408.25
413.5
408.25
389.5
380
339.5
326
334.5
370
673.25
837.25
781
571
370
250.25
233.75
281.25
277.25
304.25
384.25
413.75
360.75
291.25
301.25
344.5
427.25
437.75
389.5
349.75
274.25
264.75
256.5
371
402
488.5
657.25
708.5
623.5
402
435.5
594.25
683.5
709.25
717.75
727.75
688.25
523.25
381.75
224.5
179.75
205.25
210
220.25
200.5
199
261.75
189.75
228.75
326.25
237.5
287
387.25
239.75
188
318.25
180.75
327
296.5
252
364.25
536.25
294.5
252.75
161.5
186.75
175.5
173.75
177.5
222
254.75
215.5
208.75
251.5
347.75
415.75
461.75
490
498.25
520
523.5
541
544
545
553
554.25
554
569.5
570.25
574.75
584.5
583
575.75
566.75
567.5
553.25
561.75
561.25
564
574.75
586.25
600.75
617.25
633.5
653.5
679.25
697.25
719.25
748
774.75
799.25
820
836.25
845.5
852.75
851.25
497
352.75
388
404
417
404.25
401
377.25
392
401
393.5
615.75
741.25
575
345.75
309.5
274.5
299.75
299.25
305.5
394
436.75
367
310.5
262.75
300.75
394.5
451.5
432.5
388.5
299.25
253.75
270.25
238.25
277.75
356.25
447.75
636.25
697.5
630.5
446.5
437.5
585.5
682
709.75
719.75
733.5
691.25
573.25
282
186.75
180.25
200.75
196.25
239
220.5
215.5
289
191.5
224.25
319.75
204
288.5
438.25
348.25
185.75
332.5
256.25
208
367
267
383.25
445.75
435.5
252.75
176.5
189
184.5
172.25
167.5
194.25
236.5
307
353.25
406.25
458.25
483.5
494.25
507.75
511.5
509.25
519
533
533
544.75
546.75
545.75
560
561
565.25
574.25
581
584.5
571.75
573.25
571
565
562.75
568
564
570.25
582.5
600
616
631.75
650.25
664.5
698.75
720.5
741.75
762.75
786
807.5
830.25
845.5
847.75
856
637.75
322.25
363
392
423
431
416
417.5
447.25
448.5
433
471.5
482.75
369
332
337.25
341.25
318.75
292.75
361.75
417.5
378.25
303.25
267.5
258.75
375
437.75
465.5
432.25
364.75
275.75
245.25
240.75
208.75
241.5
304.75
394.5
633.75
733
678.5
490.75
441.25
584
683
712.75
723.75
733
691.25
513.5
263.25
224
189.5
201.75
189.25
239
228.25
229
298.75
184
204
337.75
175
249.75
365
452.25
168.75
300.75
407.5
157
296
335
292
449.5
355.5
266
166
185.5
166.5
184
226.25
309.75
365.75
427
445.5
465.5
485.5
497
501
509.25
515.5
511.25
513.25
533
543.75
542
536.75
554.75
559
560.25
566.75
564.75
576.75
578.5
574
582.25
576
583.5
573.5
569.75
571.5
578
585.25
593
606
619.75
642
660.25
679
702.75
720.75
749
772.5
791
820
839.75
839
850
769.5
307.75
349.5
387.75
420
439.5
442.25
458.5
470
456.75
455.25
425.5
410.25
381.75
399.5
412
361.75
319.5
340.5
393
357.75
306
302
284.75
313
430.25
469.75
455.5
405
309.75
246
230.25
214
203.25
214
249.75
360.5
698
805.75
784.25
581.5
456
588
683.75
709.5
724
733.5
682.25
417.5
237.25
206.75
210.25
189.5
201.75
231.75
223
252.5
236
243.75
206
411.75
191
269
351.75
453
328.5
212.5
395.5
224.25
210.25
386.5
225.25
314.25
389
251.5
169.5
174
193.75
218.5
307.75
386.25
429.75
456.5
468
468.5
492.5
500
503
503.5
515.5
522
519.25
526.5
535
538.5
547.5
546.5
549.25
558
563.75
561.5
577.25
573.5
581.75
586.25
580.75
586
587
581.25
585.5
580.75
590.75
597.75
603.25
619.5
640.5
660.25
676
702.5
716
741
759
792
808.75
824
833.5
840.75
833.75
374
336.75
379.25
410
429.5
459.75
480.25
472.25
463.75
458
444.25
425.25
424.75
461.5
432.5
370
359.75
387.5
370.25
306
283.75
286.25
315.5
401.25
477.25
481.25
419.75
347
262.25
227
227.75
214.5
250.25
210
229
356.75
741.5
802
787.75
665
455.25
585.75
680.75
704.75
715.25
725.75
684
482.5
256.75
193.25
196.25
207
232.5
236
243
288.25
231.25
280.5
252.25
382.75
197.5
307.25
331
343.5
471.25
176.75
361.25
285
229
307.25
282.5
252
379
418.75
256.75
150
207.5
291.25
357.25
414
441.75
455.75
479
479
490.25
509.5
500
506.75
519.75
520.25
530.25
518.25
536.75
543.25
540.25
538.25
560.5
556.75
559
565
575
582.5
577.75
578.25
585
583.75
595.75
592.75
588
582.5
593.75
608.75
612
619.25
647
657
660.5
694.75
703.75
739.5
754.25
779.25
804
818.5
830.75
839.75
843.25
508.25
319.75
370.25
397
412.25
456
472.75
482.75
485.75
462
455.5
468.5
495
489.25
420.25
369
389.25
354.25
330.75
336.25
321.5
311.25
391.25
482
502.5
446.25
368.75
273.75
210.75
204.25
236.25
271.25
345.75
199.75
211.75
305.25
727
791.25
775
650
458.5
591
675.25
710.75
718.75
725.5
685.5
387
243.25
182.25
191.25
203.75
224.5
275
254.75
278.75
267
269.25
426.25
277
230.5
305.5
311
296
363.25
345
386.25
284
181
263.5
279.75
200.75
294.75
277
404.75
275
303.25
340.75
371.5
424.5
450.25
469.75
485.25
491
497.25
508.25
501.5
508.25
511.25
518.75
528.25
520.75
529
545.75
543.75
533.5
539.25
554.25
562.75
562
576.25
577
575.5
574
584
582.5
597.75
593.25
594.25
594.75
596.75
600.75
623.75
623
640
659.25
659.75
677.75
693
729.5
754.75
772.25
789.25
806.25
823.5
833.5
844.5
659
378.75
366.5
365.25
402
427.5
480.5
521.75
504.5
491.25
490
537
536.5
472
383
354.75
317
302.5
347.5
359.25
332
352.5
444.75
508.75
497
404.25
277.25
216.25
182.25
203.75
272.5
362.5
406.5
